byte offset: 0
first index: 0
index count: 4608
topology: trianglelist
format: DXGI_FORMAT_R16_UINT

0 1 2
1 3 2
1 0 4
0 5 4
2 3 6
3 7 6
6 7 8
7 9 8
8 9 10
4 5 11
5 12 11
11 12 13
12 14 13
13 14 15
14 16 15
15 16 17
18 8 10
19 20 21
20 22 21
20 19 23
19 24 23
21 22 25
22 26 25
25 26 27
26 28 27
29 27 28
23 24 30
24 31 30
30 31 32
31 33 32
32 33 34
33 35 34
34 35 36
37 38 39
37 39 40
41 37 40
39 38 42
43 39 42
42 38 44
45 42 44
37 46 38
46 47 38
47 48 38
49 39 43
50 49 43
40 39 51
52 51 39
51 52 53
52 54 53
55 52 39
51 53 56
57 51 56
57 40 51
58 40 57
59 58 57
59 57 56
58 59 60
61 58 60
61 60 62
62 60 63
60 64 63
60 59 64
65 62 63
66 61 62
59 67 64
67 59 56
66 62 68
68 62 65
69 66 68
70 69 68
69 70 71
70 72 71
71 72 73
72 74 73
72 75 74
72 76 75
76 72 70
77 76 70
77 70 78
70 68 78
78 68 79
65 79 68
79 80 78
80 81 78
80 79 82
79 65 82
80 83 81
83 84 81
83 85 84
85 86 84
87 86 85
88 87 85
88 85 89
85 83 89
83 80 89
80 82 89
77 90 76
90 91 76
91 90 92
93 91 92
93 92 94
95 93 94
94 96 95
95 96 97
95 97 93
97 98 93
98 99 93
99 91 93
76 91 75
91 99 75
74 75 100
101 74 100
73 74 101
101 102 73
102 101 103
102 103 104
105 101 100
106 104 103
107 101 105
101 108 103
106 103 108
107 108 101
108 107 109
110 108 109
106 108 110
111 110 109
112 111 109
112 113 111
114 110 111
114 106 110
115 114 111
111 113 115
115 113 116
116 117 115
117 114 115
117 118 114
118 106 114
118 119 106
119 104 106
104 119 120
121 120 122
120 123 122
121 104 120
122 123 124
123 125 124
124 125 126
102 104 121
121 127 102
127 121 128
128 121 129
128 129 130
131 128 130
131 130 132
133 134 135
136 135 134
137 136 134
136 137 138
137 139 138
139 140 138
140 141 138
140 142 141
142 143 141
144 143 142
145 144 142
141 143 146
147 141 146
148 147 146
143 149 146
143 144 149
144 150 149
150 144 151
144 152 151
144 145 152
151 152 153
152 154 153
154 155 153
156 147 148
157 156 148
155 154 158
158 159 155
159 158 160
161 159 160
152 162 154
154 163 158
154 162 163
164 156 157
165 164 157
164 165 166
159 161 167
168 159 167
168 167 169
170 168 169
171 170 169
170 171 172
168 170 172
173 168 172
168 173 159
173 174 159
159 174 155
152 145 162
175 163 176
177 175 176
178 175 177
179 178 177
180 179 177
179 180 181
180 182 181
182 180 183
184 179 181
178 179 184
185 184 181
178 184 186
187 186 184
188 187 184
188 184 185
187 188 189
188 190 189
190 188 185
190 191 189
191 192 189
189 192 193
193 187 189
182 183 194
195 183 180
183 196 194
197 194 196
194 197 198
183 199 196
183 195 199
194 198 200
198 201 200
202 200 201
203 202 201
202 204 200
204 205 200
200 205 194
203 206 202
206 207 202
204 202 208
202 207 208
209 207 206
207 209 208
197 196 210
211 197 210
212 211 210
213 212 210
214 212 213
205 215 194
194 215 182
216 217 218
218 219 216
216 219 220
221 216 220
217 222 218
222 223 218
224 223 222
225 224 222
226 224 225
227 226 225
221 220 228
229 221 228
230 226 227
231 230 227
232 230 231
229 228 233
234 229 233
235 234 233
236 235 233
235 236 237
236 238 237
239 237 238
240 239 238
239 240 241
240 242 241
241 242 243
242 244 243
243 244 245
246 247 248
248 48 246
48 47 246
249 250 251
250 45 251
45 44 251
252 253 254
252 255 253
253 256 254
256 257 254
256 52 257
54 52 256
258 54 256
256 253 258
253 255 258
52 55 257
259 260 261
259 261 262
261 263 262
262 263 50
263 49 50
178 160 158
178 158 175
163 175 158
195 177 176
180 177 195
264 265 266
265 267 266
266 268 264
268 269 264
267 265 270
271 267 270
270 272 271
272 273 271
272 274 273
269 268 275
276 269 275
276 275 277
278 276 277
277 279 278
279 280 278
279 281 280
282 274 272
283 284 285
284 286 285
285 287 283
287 288 283
286 284 289
290 286 289
289 291 290
291 292 290
293 292 291
288 287 294
295 288 294
295 294 296
297 295 296
296 298 297
298 299 297
298 300 299
301 302 303
304 302 301
305 304 301
306 303 302
307 306 302
303 306 308
306 309 308
301 303 310
311 310 303
312 311 303
302 313 307
313 314 307
315 302 304
302 315 316
315 317 316
317 318 316
319 315 304
304 320 319
320 321 319
321 320 322
320 323 322
324 322 323
324 325 322
325 326 322
322 326 321
327 325 324
328 324 323
326 329 321
329 330 321
330 319 321
319 330 315
330 317 315
316 318 331
318 332 331
328 333 324
333 327 324
334 333 328
335 333 334
335 334 336
337 335 336
337 336 338
339 337 338
337 339 340
337 340 341
341 335 337
342 335 341
342 343 335
335 343 333
343 344 333
345 344 343
346 345 343
344 345 347
327 344 347
327 333 344
345 346 348
346 349 348
348 349 350
349 351 350
352 350 351
353 350 352
353 354 350
354 348 350
347 345 354
345 348 354
355 342 341
356 355 341
357 355 356
358 357 356
359 357 358
360 359 358
359 360 361
360 362 361
362 360 358
363 362 358
363 358 364
358 356 364
364 356 340
356 341 340
339 365 340
366 365 339
338 366 339
366 338 367
367 368 366
367 369 368
370 365 366
371 368 369
372 370 366
366 368 373
371 373 368
372 366 373
374 372 373
375 374 373
375 373 371
375 376 374
376 377 374
377 376 378
375 379 376
379 375 371
379 380 376
376 380 378
380 381 378
381 380 382
380 379 382
382 379 383
379 371 383
369 384 371
384 383 371
384 369 385
386 387 385
387 388 385
369 386 385
387 389 388
389 390 388
389 391 390
367 386 369
386 367 392
392 393 386
393 394 386
394 393 395
393 396 395
396 397 395
398 399 400
399 401 400
401 402 400
401 403 402
403 404 402
405 404 403
406 405 403
407 405 406
408 407 406
407 408 409
410 407 409
406 411 408
411 406 412
413 411 412
411 414 408
408 414 409
414 415 409
415 416 409
416 417 409
409 417 410
416 418 417
418 419 417
419 418 420
412 421 413
421 422 413
420 423 419
423 420 424
423 424 425
424 426 425
417 419 427
419 423 428
419 428 427
422 421 429
430 422 429
429 431 430
432 426 424
433 432 424
434 432 433
435 434 433
436 434 435
435 437 436
437 435 433
438 437 433
433 424 438
424 439 438
424 420 439
417 427 410
440 441 428
442 441 440
443 442 440
444 442 443
445 442 444
444 446 445
445 446 447
447 448 445
444 449 446
443 449 444
449 450 446
443 451 449
451 452 449
452 453 449
450 449 453
454 453 452
455 453 454
455 450 453
456 455 454
456 454 457
454 458 457
458 454 452
447 459 448
460 445 448
448 459 461
462 461 459
459 463 462
448 461 464
448 464 460
459 465 463
463 465 466
466 465 467
468 466 467
469 467 465
470 469 465
465 459 470
468 467 471
467 472 471
472 467 473
467 469 473
474 471 472
472 473 474
462 475 461
476 475 462
476 477 475
477 478 475
479 478 477
459 480 470
459 447 480
481 482 483
482 481 484
485 484 481
486 485 481
483 482 487
482 488 487
487 488 489
490 487 489
489 491 490
491 492 490
493 485 486
494 493 486
491 495 492
495 496 492
497 496 495
494 498 493
499 498 494
499 500 498
500 501 498
501 500 502
503 501 502
502 504 503
504 505 503
504 506 505
506 507 505
506 508 507
508 509 507
508 510 509
511 512 513
312 512 511
311 312 511
514 515 516
516 515 309
515 308 309
517 518 519
517 519 520
331 519 518
521 331 518
331 521 316
521 522 316
522 302 316
331 332 519
332 520 519
523 524 525
523 526 524
526 527 524
527 526 314
313 527 314
443 423 425
443 440 423
428 423 440
460 441 442
445 460 442
528 529 530
529 531 530
528 530 532
533 528 532
534 531 529
534 535 531
535 536 531
535 537 536
537 538 536
538 537 539
537 540 539
541 539 540
542 541 540
541 542 543
542 544 543
545 543 544
546 545 544
545 546 547
546 548 547
549 547 548
550 549 548
551 549 550
552 551 550
553 551 552
554 553 552
553 554 555
554 556 555
555 556 557
556 558 557
559 557 558
560 559 558
560 561 559
561 560 562
563 561 562
564 563 562
562 565 564
565 566 564
566 565 567
568 566 567
567 569 568
569 570 568
570 569 571
572 570 571
572 571 573
571 574 573
575 573 574
576 575 574
574 577 576
577 578 576
577 579 578
580 579 577
581 580 577
571 581 574
581 577 574
579 582 578
576 578 583
578 584 583
584 578 582
582 579 585
586 582 585
585 587 586
587 588 586
587 589 588
589 590 588
590 589 528
589 529 528
590 528 591
528 533 591
586 588 592
588 593 592
588 590 593
590 591 593
594 529 589
594 595 529
595 534 529
534 595 596
535 534 596
535 596 597
537 535 597
537 597 598
540 537 598
540 598 542
598 599 542
544 542 599
600 544 599
544 600 546
600 601 546
548 546 601
602 548 601
548 602 550
602 603 550
550 603 552
603 604 552
552 604 554
604 605 554
601 600 606
607 601 606
601 607 602
607 608 602
603 602 608
599 609 600
609 606 600
606 609 610
610 609 611
610 611 612
613 612 611
614 613 611
615 610 612
611 616 614
609 616 611
616 617 614
618 606 610
607 606 618
610 615 618
619 614 617
620 619 617
596 620 617
596 595 620
595 621 620
620 621 619
597 596 617
617 616 597
595 594 621
594 622 621
594 623 622
623 594 589
623 589 587
624 623 587
587 585 624
585 625 624
585 579 625
579 580 625
623 626 622
626 623 624
622 626 627
628 627 626
629 628 626
629 626 624
629 624 625
630 622 627
627 631 630
631 627 628
631 632 630
628 629 633
633 625 580
633 629 625
634 628 633
635 633 580
634 633 635
628 634 636
636 631 628
634 637 636
638 634 635
634 638 637
638 635 639
635 640 639
640 635 580
641 639 640
642 641 640
642 640 581
643 642 581
643 581 571
569 643 571
569 567 643
567 644 643
642 643 644
645 642 644
641 642 646
642 645 646
639 641 647
648 639 647
638 639 648
581 640 580
646 649 641
649 647 641
650 649 646
651 650 646
652 650 651
653 652 651
647 649 654
655 647 654
648 647 655
655 654 656
657 656 654
658 657 654
654 649 658
649 650 658
657 658 659
658 660 659
652 660 650
660 658 650
661 655 656
662 659 660
663 662 660
660 652 663
652 664 663
664 652 653
665 655 661
666 665 661
665 666 667
666 668 667
667 668 669
668 670 669
669 670 671
672 667 669
667 672 665
637 672 669
669 671 637
672 648 665
671 636 637
665 648 655
638 672 637
672 638 648
636 671 631
671 673 631
632 631 673
674 632 673
632 674 675
674 676 675
676 674 677
674 678 677
674 673 678
676 677 679
677 680 679
681 679 680
681 613 679
613 682 679
679 682 676
682 675 676
682 619 675
619 683 675
675 683 632
621 683 619
683 621 622
630 683 622
683 630 632
684 681 680
685 681 684
686 685 684
685 686 687
686 688 687
685 612 681
612 613 681
687 615 685
615 612 685
689 615 687
690 689 687
690 687 688
691 689 690
689 691 692
618 689 692
615 689 618
692 607 618
608 607 692
693 608 692
693 692 691
694 693 691
695 691 690
694 691 695
696 694 695
694 696 697
696 698 697
696 695 699
700 696 699
696 700 698
701 700 699
702 701 699
702 699 703
703 699 695
704 702 703
703 688 704
688 705 704
688 686 705
686 706 705
706 686 684
707 706 684
707 684 708
684 680 708
708 680 677
709 708 677
677 678 709
678 710 709
678 711 710
673 711 678
711 712 710
712 711 713
671 713 711
673 671 711
714 712 713
714 713 715
713 670 715
670 713 671
715 670 668
716 715 668
668 666 716
666 717 716
718 717 666
661 718 666
719 718 661
656 719 661
719 656 720
656 657 720
720 657 721
657 659 721
721 659 722
659 662 722
662 723 722
723 724 722
725 723 662
663 725 662
663 664 725
664 726 725
725 726 727
723 725 727
728 723 727
728 727 729
727 698 729
726 730 727
727 730 697
727 697 698
730 731 697
731 732 697
732 731 733
734 732 733
733 604 734
604 603 734
726 664 735
735 664 653
736 726 735
731 730 736
730 726 736
728 729 737
738 728 737
700 729 698
737 729 700
693 732 734
608 693 734
734 603 608
694 697 732
732 693 694
701 737 700
605 604 733
739 605 733
736 739 731
739 733 731
740 605 739
605 740 556
554 605 556
741 740 739
739 736 741
736 735 741
742 741 735
653 742 735
653 651 742
651 743 742
743 651 646
645 743 646
743 645 744
744 742 743
645 644 744
742 744 745
741 745 740
745 741 742
556 740 558
740 745 558
744 644 565
644 567 565
560 558 745
745 746 560
746 745 744
565 746 744
746 562 560
562 746 565
616 598 597
599 598 616
609 599 616
619 682 614
682 613 614
724 723 738
723 728 738
690 703 695
703 690 688
747 748 749
748 750 749
748 747 751
747 752 751
753 749 750
751 752 754
755 751 754
756 753 750
757 756 750
758 756 757
757 759 758
759 760 758
761 760 759
759 762 761
762 763 761
764 763 762
754 765 755
765 766 755
765 767 766
768 766 767
759 769 762
759 757 769
769 770 762
757 771 769
768 772 766
772 773 766
762 770 774
774 764 762
774 775 764
776 775 774
777 776 774
777 774 778
770 778 774
779 777 778
777 779 780
781 777 780
777 781 782
783 777 782
777 783 776
784 782 781
784 781 785
786 784 785
787 786 785
780 788 781
788 785 781
785 788 789
790 785 789
785 790 787
790 789 768
768 791 790
789 772 768
779 778 792
780 779 792
788 780 792
789 788 792
772 789 792
773 772 792
793 773 792
773 793 755
751 755 793
794 751 793
794 793 792
794 795 751
795 794 792
795 748 751
748 795 796
796 795 792
750 748 796
750 796 771
771 796 792
757 750 771
766 773 755
769 771 792
770 769 792
778 770 792
583 797 576
797 575 576
797 583 798
799 798 583
799 800 798
801 800 799
801 802 800
802 803 800
804 801 799
800 805 798
805 800 803
798 805 806
806 797 798
805 807 806
807 805 808
808 805 803
809 807 808
809 808 810
808 811 810
810 811 812
811 813 812
814 812 813
815 814 813
814 815 816
815 817 816
816 817 818
817 819 818
819 817 820
820 821 819
821 820 822
823 821 822
822 824 823
824 825 823
825 824 826
827 825 826
827 826 828
829 827 828
828 830 829
830 831 829
830 832 831
832 833 831
832 834 833
834 835 833
835 834 836
837 835 836
836 838 837
838 839 837
839 838 840
841 839 840
841 840 842
843 841 842
843 842 844
842 845 844
846 844 845
847 846 845
847 848 846
849 846 848
850 849 848
849 850 532
850 533 532
850 848 851
852 850 851
533 850 591
850 852 591
847 845 853
854 847 853
847 854 848
842 855 845
855 853 845
854 856 848
848 856 851
852 851 857
851 858 857
859 857 858
860 859 858
859 860 804
860 801 804
857 859 592
593 857 592
591 852 593
852 857 593
856 861 851
858 851 861
862 858 861
860 858 862
863 860 862
860 863 801
863 802 801
854 853 864
865 854 864
854 865 856
865 866 856
856 866 861
866 867 861
862 861 867
867 866 868
868 869 867
869 870 867
870 862 867
863 862 870
866 871 868
868 871 872
868 872 869
871 873 872
874 870 869
863 874 802
874 863 870
875 874 869
874 876 802
874 875 876
875 869 877
872 877 869
878 875 877
875 879 876
879 875 878
871 866 880
871 880 873
866 865 880
880 865 881
882 880 881
880 882 873
883 882 881
873 882 884
882 885 884
885 882 883
885 886 884
886 887 884
886 885 888
888 885 883
883 889 888
889 890 888
891 886 888
891 888 890
865 864 881
864 892 881
864 853 892
853 855 892
892 893 881
889 883 893
883 881 893
893 894 889
894 895 889
890 889 895
894 896 895
896 897 895
892 898 893
898 894 893
898 892 855
896 894 899
894 898 899
899 900 896
900 901 896
897 896 901
902 898 855
902 855 842
840 902 842
840 838 902
838 903 902
899 898 903
898 902 903
903 838 836
904 903 836
903 904 899
904 900 899
836 834 904
834 905 904
900 904 905
834 832 905
832 906 905
906 832 830
907 906 830
907 830 828
908 907 828
908 828 826
909 908 826
905 906 910
910 900 905
906 911 910
911 906 907
901 900 910
912 901 910
910 911 912
913 901 912
914 913 912
911 915 912
915 914 912
916 914 915
907 908 917
915 911 917
917 911 907
908 918 917
908 909 918
917 918 919
919 915 917
916 915 919
918 920 919
919 920 921
919 921 916
920 922 921
916 921 923
921 924 923
925 913 914
913 925 926
897 913 926
927 925 914
923 927 916
927 914 916
927 923 928
923 929 928
929 923 924
926 930 897
930 926 931
930 931 932
890 930 932
932 891 890
926 933 931
926 925 933
930 890 895
930 895 897
934 891 932
891 934 886
934 935 886
936 934 932
936 932 937
932 931 937
933 938 931
938 937 931
939 938 933
940 939 933
939 940 941
940 928 941
942 941 928
929 942 928
886 935 887
935 943 887
887 943 944
944 945 887
945 884 887
884 945 873
945 872 873
945 946 872
945 944 946
946 944 947
946 877 872
877 946 878
946 948 878
948 946 949
949 946 947
948 949 950
951 948 950
878 948 952
948 951 952
950 953 951
953 954 951
952 951 954
954 953 955
956 954 955
956 955 957
958 956 957
957 959 958
959 960 958
959 961 960
961 962 960
963 956 958
964 963 958
964 958 960
961 965 962
965 966 962
967 962 966
968 967 966
960 962 969
962 967 969
969 964 960
969 967 970
967 971 970
967 968 971
970 972 969
972 964 969
963 964 973
964 972 973
973 972 974
974 975 973
975 976 973
963 973 976
975 974 803
974 977 803
808 803 977
811 808 977
813 811 977
978 813 977
978 977 974
979 978 974
972 979 974
975 876 976
876 879 976
876 975 802
975 803 802
976 879 980
980 963 976
963 980 956
980 954 956
980 952 954
879 952 980
952 879 878
978 979 981
979 982 981
982 979 972
970 982 972
982 970 983
981 982 983
970 971 983
983 971 984
968 984 971
968 985 984
985 986 984
987 985 968
985 987 988
922 985 988
986 985 922
988 921 922
966 987 968
966 965 987
965 989 987
989 988 987
990 988 989
990 991 988
991 924 988
988 924 921
992 991 990
993 992 990
993 990 989
989 965 994
965 961 994
961 995 994
995 961 959
996 995 959
996 959 957
997 996 957
997 957 955
998 997 955
955 953 998
953 999 998
1000 999 953
950 1000 953
1001 1000 950
949 1001 950
949 947 1001
947 1002 1001
1003 1002 947
944 1003 947
943 1003 944
592 1004 586
1004 582 586
1004 584 582
1004 592 859
804 1004 859
584 1004 804
799 584 804
584 799 583
790 1005 787
791 1005 790
768 767 791
913 897 901
1006 989 994
1006 993 989
991 929 924
929 991 992
942 929 992
909 1007 918
918 1007 920
1007 986 920
920 986 922
909 1008 1007
1008 909 824
909 826 824
1008 1009 1007
986 1007 1009
984 986 1009
1009 983 984
1009 1008 1010
1010 983 1009
983 1010 981
1010 1008 822
1008 824 822
820 1010 822
1010 820 1011
1011 981 1010
1011 820 817
815 981 1011
817 815 1011
978 981 815
813 978 815
925 927 940
927 928 940
925 940 933
1012 1013 1014
1013 1015 1014
1012 1014 1016
1017 1012 1016
1018 1015 1013
1017 1016 1019
1016 1020 1019
1018 1021 1015
1021 1022 1015
1023 1022 1021
1022 1023 1024
1023 1025 1024
1026 1024 1025
1027 1024 1026
1028 1027 1026
1029 1027 1028
1019 1020 1030
1020 1031 1030
1030 1031 1032
1033 1032 1031
1024 1027 1034
1022 1024 1034
1027 1035 1034
1036 1022 1034
1037 1033 1031
1038 1037 1031
1035 1027 1039
1039 1027 1029
1039 1029 1040
1041 1039 1040
1042 1039 1041
1039 1042 1043
1043 1035 1039
1042 1044 1043
1044 1042 1045
1042 1046 1045
1046 1042 1047
1042 1048 1047
1042 1041 1048
1049 1046 1047
1050 1046 1049
1051 1050 1049
1052 1050 1051
1050 1053 1046
1053 1045 1046
1053 1050 1054
1050 1055 1054
1050 1052 1055
1054 1055 1033
1033 1055 1056
1037 1054 1033
1044 1057 1043
1053 1057 1045
1054 1057 1053
1037 1057 1054
1038 1057 1037
1043 1057 1035
1035 1057 1034
1034 1057 1036
1036 1057 1058
1058 1015 1036
1015 1058 1014
1058 1059 1014
1058 1057 1059
1014 1059 1016
1059 1060 1016
1059 1057 1060
1016 1060 1061
1060 1057 1061
1061 1057 1038
1020 1016 1061
1020 1061 1038
1015 1022 1036
1031 1020 1038
1045 1057 1044
1055 1052 1062
1056 1055 1062
1033 1056 1032
