byte offset: 0
first index: 0
index count: 5898
topology: trianglelist
format: DXGI_FORMAT_R16_UINT

0 1 2
3 2 1
4 3 1
5 3 4
6 5 4
7 5 6
8 7 6
7 8 9
10 7 9
10 9 11
12 10 11
12 11 13
14 12 13
13 15 14
15 16 14
15 17 16
17 18 16
18 17 19
20 18 19
19 21 20
21 22 20
21 23 22
24 25 26
25 27 26
27 28 26
27 29 28
29 30 28
29 31 30
31 32 30
32 31 33
31 34 33
33 34 35
34 36 35
35 36 37
36 38 37
39 37 38
40 39 38
41 39 40
42 41 40
41 42 43
42 44 43
45 43 44
46 45 44
45 46 47
48 49 50
49 51 50
51 52 50
49 48 53
54 49 53
53 55 54
50 52 56
57 56 52
58 57 52
57 58 59
58 60 59
61 59 60
62 61 60
63 61 62
64 63 62
63 64 65
64 66 65
66 67 65
67 68 65
69 68 67
70 69 67
71 69 70
70 72 71
72 73 71
73 72 74
75 72 70
74 76 73
74 77 76
78 76 77
79 78 77
79 80 78
81 80 79
81 82 80
82 83 80
82 84 83
84 85 83
85 84 86
86 87 85
79 88 81
81 88 89
88 90 89
90 91 89
90 92 91
93 94 95
93 96 94
94 97 95
98 95 97
98 99 95
99 98 100
99 100 101
102 96 93
102 103 96
102 104 103
104 105 103
100 106 101
101 106 107
108 101 107
108 107 109
110 108 109
110 109 111
112 110 111
111 113 112
113 114 112
113 115 114
115 116 114
104 117 105
117 118 105
118 117 119
120 118 119
119 121 120
121 122 120
122 121 123
124 122 123
123 125 124
126 127 128
127 129 128
130 128 129
130 131 128
131 130 132
130 133 132
134 132 133
134 133 135
136 134 135
137 134 136
138 137 136
138 136 139
136 140 139
136 141 140
136 135 141
139 140 142
140 143 142
143 140 141
144 143 141
142 143 145
143 146 145
144 146 143
145 146 147
148 145 147
146 149 147
146 144 149
150 147 149
150 148 147
151 150 149
150 151 152
151 153 152
152 153 154
153 155 154
154 155 156
155 157 156
156 157 158
159 148 150
148 159 160
161 159 150
160 159 162
162 159 163
159 164 163
164 159 161
164 165 163
163 165 166
165 167 166
162 163 168
168 163 166
168 166 169
166 167 169
157 170 158
157 171 170
170 172 158
172 170 173
170 171 173
174 172 173
171 175 173
176 172 174
177 172 176
172 177 158
175 171 178
175 178 179
175 179 180
179 181 180
180 181 182
181 183 182
184 185 186
185 187 186
187 188 186
189 188 187
190 189 187
190 191 189
191 192 189
193 192 191
194 193 191
193 194 134
137 193 134
195 196 197
196 198 197
198 199 197
199 200 197
199 201 200
201 202 200
202 201 203
196 195 204
195 205 204
204 205 206
207 208 209
210 209 208
210 208 211
211 212 210
211 213 212
212 213 214
212 214 215
214 216 215
214 217 216
216 217 218
217 219 218
220 129 221
222 221 129
223 222 129
220 130 129
224 222 223
225 224 223
224 225 226
225 227 226
227 228 226
229 230 231
230 232 231
229 231 233
234 229 233
233 235 234
236 237 238
236 238 126
238 127 126
239 240 241
240 50 241
56 241 50
239 242 240
242 243 240
242 244 243
244 245 243
244 246 245
247 248 249
250 249 248
251 250 248
250 251 252
251 253 252
253 254 252
255 256 257
258 257 256
259 258 256
258 259 260
259 261 260
262 260 261
263 262 261
264 265 266
265 267 266
265 268 267
268 269 267
269 268 270
268 271 270
271 268 265
272 271 265
265 264 272
264 75 272
75 264 72
266 74 264
74 72 264
273 274 275
274 276 275
273 275 277
276 274 278
274 279 278
278 279 280
275 281 277
281 282 277
282 283 277
283 282 284
285 283 284
284 286 285
286 287 285
286 288 287
288 289 287
289 288 290
291 289 290
291 290 292
290 293 292
293 294 292
294 295 292
296 295 294
295 296 297
297 296 298
298 299 297
300 295 297
299 298 301
299 301 302
303 302 301
304 302 303
304 303 305
306 304 305
307 306 305
308 307 305
307 308 309
309 308 310
310 311 309
311 310 312
304 306 313
306 314 313
315 313 314
316 315 314
315 316 317
318 319 320
318 320 321
320 319 322
323 322 319
323 319 324
324 325 323
324 326 325
327 318 321
327 321 328
329 327 328
330 329 328
325 326 331
331 326 332
326 333 332
332 333 334
333 335 334
334 335 336
335 337 336
338 336 337
339 338 337
340 338 339
341 340 339
342 329 330
329 342 343
344 342 330
342 344 345
342 345 343
344 346 345
345 347 343
348 345 346
349 348 346
345 350 347
350 351 347
348 349 352
349 353 352
352 353 354
351 350 355
356 351 355
356 355 357
343 358 359
358 360 359
358 361 360
361 362 360
362 361 363
364 343 359
364 359 365
364 365 366
367 364 366
368 367 366
368 369 367
370 369 368
368 371 370
371 372 370
370 372 373
374 370 373
370 374 375
370 375 369
374 373 376
377 374 376
377 375 374
378 375 377
377 376 379
380 377 379
378 377 380
380 379 381
379 382 381
380 381 383
380 383 378
381 384 383
384 381 382
384 385 383
385 384 386
387 385 386
387 386 388
389 387 388
389 388 390
391 389 390
390 392 391
393 384 382
382 394 393
395 384 393
394 396 393
396 397 393
398 393 397
398 395 393
399 398 397
399 397 400
401 399 400
396 402 397
402 400 397
402 403 400
400 403 401
391 392 404
391 404 405
406 404 392
404 406 407
404 407 405
406 408 407
405 407 409
410 408 406
411 410 406
411 406 392
409 412 405
409 413 412
409 414 413
413 414 415
414 416 415
415 416 417
416 418 417
419 418 416
420 419 416
420 421 419
422 421 420
422 420 423
424 422 423
424 425 422
425 424 426
425 426 427
428 427 426
429 430 431
432 431 430
433 432 430
433 434 432
434 435 432
436 435 434
437 436 434
437 438 436
438 439 436
439 438 368
438 371 368
440 441 442
441 443 442
444 440 442
445 444 442
446 444 445
447 446 445
447 448 446
443 441 449
450 443 449
449 451 450
452 453 454
453 455 454
454 455 456
455 457 456
456 457 458
275 459 460
459 461 460
281 275 460
462 461 459
463 462 459
464 462 463
465 464 463
464 465 466
467 468 469
468 470 469
470 471 469
471 470 472
473 471 472
473 472 474
475 476 477
476 478 477
478 479 477
479 478 480
481 479 480
480 482 481
482 483 481
329 343 364
484 485 486
485 487 486
488 485 484
489 488 484
489 490 488
488 490 491
488 491 485
491 492 485
487 485 492
300 487 492
300 297 487
297 299 487
299 486 487
493 494 495
494 496 495
497 495 496
498 497 496
494 493 499
493 500 499
497 498 501
502 497 501
502 501 503
502 503 504
505 504 503
505 506 504
506 505 507
508 506 507
508 507 509
507 510 509
509 510 511
511 512 509
512 511 513
513 514 512
514 513 515
516 514 515
516 515 517
517 518 516
518 517 519
519 520 518
521 520 519
521 522 520
523 522 521
521 524 523
525 524 521
526 521 519
521 526 525
527 517 515
528 519 517
527 528 517
528 526 519
529 526 528
528 527 530
529 528 530
527 531 530
527 532 531
533 531 532
534 533 532
534 535 533
535 534 536
536 537 535
537 536 538
537 538 539
538 540 539
539 540 541
542 539 541
543 539 542
543 537 539
510 538 536
538 510 507
540 538 507
540 507 505
544 537 543
544 535 537
536 511 510
511 536 534
545 533 535
545 535 544
546 533 545
540 547 541
547 540 505
547 548 541
548 547 549
547 503 549
547 505 503
503 501 549
550 541 548
551 548 549
501 552 549
552 551 549
552 553 551
501 498 552
498 554 552
553 552 554
498 496 554
496 555 554
555 496 494
556 555 494
557 556 494
499 557 494
558 556 557
559 558 557
560 558 559
560 561 558
561 560 562
561 562 563
560 564 562
564 560 565
565 560 559
566 564 565
561 567 558
558 567 556
567 555 556
561 568 567
563 568 561
568 569 567
568 570 569
570 553 569
571 564 566
572 571 566
573 571 572
573 574 571
574 575 571
562 564 575
564 571 575
576 573 572
577 574 573
578 577 573
578 573 576
577 578 579
578 580 579
578 581 580
581 578 576
581 582 580
580 583 579
584 583 580
582 584 580
577 579 585
574 577 585
579 586 585
586 579 583
587 586 583
587 588 586
587 583 589
590 589 583
590 583 584
587 589 591
591 589 592
593 591 592
594 591 593
595 594 593
596 594 595
597 596 595
594 596 598
598 599 594
591 594 599
591 599 600
587 600 588
600 587 591
600 601 588
600 599 601
599 602 601
601 602 603
604 601 603
601 604 588
604 605 588
588 605 606
606 605 607
606 607 608
585 606 608
605 609 607
609 605 604
604 603 610
610 609 604
603 611 610
585 586 606
586 588 606
612 608 607
613 612 607
613 607 609
614 612 613
614 615 612
615 616 612
617 614 613
617 613 618
618 613 609
618 609 610
619 617 618
611 620 610
620 621 610
610 621 618
621 619 618
621 620 622
623 621 622
621 623 619
623 624 619
623 625 624
625 626 624
616 627 612
628 627 616
629 628 616
616 615 629
563 628 629
628 563 562
630 563 629
568 563 630
568 630 631
570 568 631
632 570 631
633 570 632
634 633 632
634 635 633
635 636 633
637 636 635
632 638 634
638 639 634
634 639 635
639 640 635
637 635 640
636 551 633
631 641 632
641 638 632
642 641 631
631 630 642
641 643 638
643 644 638
638 644 639
570 633 553
633 551 553
636 548 551
550 548 636
637 550 636
645 550 637
645 542 550
646 645 637
647 645 646
647 646 648
649 647 648
645 647 650
651 650 647
650 652 645
652 542 645
652 543 542
653 543 652
652 654 653
652 650 654
653 654 655
656 655 654
657 655 656
650 658 654
656 654 658
650 651 658
659 656 658
658 660 659
660 658 651
661 660 651
656 659 662
656 662 657
657 662 663
657 663 664
664 663 665
665 666 664
666 665 667
664 668 657
657 668 655
669 655 668
662 670 663
662 671 670
659 671 662
659 672 671
672 659 660
673 672 660
673 660 661
673 661 674
674 661 675
661 676 675
663 670 677
677 665 663
678 677 670
677 678 679
665 677 679
679 667 665
678 680 679
678 681 680
678 670 682
682 670 671
682 681 678
683 682 671
671 672 683
672 684 683
672 673 684
682 685 681
683 685 682
683 686 685
686 683 684
685 686 687
686 684 688
688 689 686
689 687 686
688 690 689
684 691 688
688 691 690
692 691 684
691 692 693
692 694 693
681 695 680
685 695 681
685 696 695
687 696 685
695 696 697
691 693 698
691 698 690
698 699 690
698 700 699
700 701 699
702 699 701
687 689 702
690 702 689
690 699 702
703 702 701
700 698 704
693 704 698
705 700 704
702 703 706
707 705 704
708 707 704
693 708 704
708 709 707
709 710 707
710 709 711
712 710 711
710 712 713
712 714 713
715 706 703
716 715 703
703 701 716
596 715 716
717 596 716
596 597 715
597 718 715
715 718 706
596 717 598
597 719 718
719 720 718
719 721 720
721 722 720
721 723 722
723 721 724
721 725 724
725 721 719
724 725 726
725 727 726
725 728 727
728 725 719
728 719 597
728 729 727
727 729 730
729 731 730
726 727 732
727 730 732
733 732 730
734 733 730
734 730 731
723 735 722
736 734 731
729 728 595
595 728 597
593 729 595
731 729 593
592 731 593
736 731 592
737 736 592
592 589 737
589 590 737
733 734 738
739 733 738
738 740 739
741 740 738
741 742 740
742 743 740
744 741 738
740 743 745
740 745 739
743 746 745
743 747 746
747 748 746
748 747 749
749 747 750
747 751 750
747 743 751
743 742 751
752 748 749
738 734 744
734 736 744
750 751 753
751 754 753
751 742 754
753 754 755
754 756 755
756 754 757
758 756 757
758 759 756
759 758 760
755 756 761
756 762 761
756 759 762
758 757 763
764 758 763
764 760 758
764 763 765
766 764 765
767 764 766
767 766 768
767 768 769
767 769 770
590 768 766
764 771 760
767 770 771
771 764 767
771 770 772
771 772 760
760 772 773
773 772 774
772 775 774
775 772 770
776 775 770
770 777 776
769 777 770
776 777 778
779 778 777
780 779 777
780 777 769
781 776 778
776 781 775
774 775 782
781 782 775
783 774 782
784 780 769
779 785 778
785 786 778
778 786 781
785 787 786
788 787 785
789 788 785
787 790 786
786 790 791
786 791 781
791 782 781
790 792 791
793 783 782
794 793 782
792 794 791
794 782 791
793 794 795
794 796 795
796 794 792
797 796 792
798 796 797
799 798 797
800 789 785
800 801 789
801 802 789
788 789 802
801 803 802
801 804 803
805 803 804
806 805 804
807 806 804
806 807 565
807 566 565
805 806 808
809 805 808
810 805 809
803 805 810
811 810 809
812 810 811
813 812 811
808 806 559
806 565 559
807 814 566
814 572 566
814 815 572
816 815 814
817 816 814
814 807 817
815 576 572
816 818 815
818 819 815
815 819 576
819 818 784
820 819 784
581 819 820
819 581 576
582 581 820
820 784 768
584 820 768
582 820 584
818 780 784
816 780 818
817 800 816
816 800 779
816 779 780
779 800 785
769 768 784
590 584 768
800 817 801
590 766 737
766 765 737
736 737 765
744 736 765
744 765 763
741 744 763
741 763 757
742 741 757
742 757 754
804 801 817
807 804 817
821 822 823
822 824 823
825 822 821
826 825 821
823 824 827
824 626 827
823 827 828
827 829 828
821 823 830
823 828 830
830 831 821
831 826 821
827 832 829
832 827 626
832 833 829
832 834 833
832 625 834
625 832 626
625 835 834
834 836 833
836 834 837
837 834 835
838 836 837
837 839 838
837 840 839
840 837 835
840 835 622
841 840 622
840 842 839
840 841 842
839 842 843
842 714 843
839 844 838
844 839 845
839 843 845
846 845 843
847 846 843
847 843 714
848 846 847
849 848 847
848 849 850
849 851 850
851 852 850
851 853 852
851 854 853
853 854 855
855 854 675
855 675 676
856 855 676
857 855 856
857 853 855
858 857 856
856 859 858
859 856 676
859 860 858
858 861 857
861 862 857
857 862 853
862 852 853
860 863 858
863 861 858
864 863 860
865 864 860
860 859 865
866 864 865
867 866 865
867 865 868
859 868 865
869 867 868
870 866 867
871 870 867
867 869 871
872 870 871
873 872 871
873 871 874
869 874 871
869 648 874
648 875 874
876 873 874
876 874 875
877 873 876
878 877 876
877 879 873
879 872 873
880 879 877
881 880 877
877 878 881
882 880 881
883 882 881
883 884 882
884 885 882
885 884 886
887 885 886
887 886 826
831 887 826
878 644 881
881 644 883
644 643 883
644 878 639
640 639 878
876 640 878
640 876 875
875 637 640
637 875 646
875 648 646
886 884 888
826 886 888
825 826 888
825 888 889
890 825 889
889 891 890
642 891 889
892 642 889
889 888 892
642 630 891
630 629 891
615 891 629
891 615 890
892 641 642
643 641 892
893 643 892
888 893 892
884 893 888
884 883 893
883 643 893
894 890 615
614 894 615
614 617 894
617 895 894
895 617 619
624 895 619
894 895 824
822 894 824
890 894 822
825 890 822
824 895 626
895 624 626
574 608 627
575 574 627
627 608 612
574 585 608
627 628 575
562 575 628
896 709 897
709 708 897
693 897 708
897 898 896
898 854 896
693 694 897
694 898 897
854 898 675
851 896 854
896 851 711
896 711 709
675 898 674
898 694 674
674 694 673
694 692 673
684 673 692
711 851 849
711 849 712
849 847 712
712 847 714
842 899 714
899 713 714
841 899 842
899 841 900
841 901 900
841 622 901
622 620 901
901 620 611
902 901 611
902 611 903
611 603 903
903 603 602
904 903 602
904 602 599
598 904 599
905 904 598
717 905 598
905 906 904
906 903 904
902 903 906
907 902 906
900 901 907
901 902 907
908 905 717
716 908 717
906 905 909
905 908 909
907 906 909
910 907 909
900 907 910
911 900 910
899 900 911
713 899 911
701 908 716
909 908 701
700 909 701
700 705 909
705 910 909
705 707 910
707 911 910
707 710 911
710 713 911
706 912 913
912 914 913
912 915 914
915 916 914
916 915 917
718 912 706
718 720 912
720 915 912
720 722 915
722 917 915
722 735 917
735 918 917
917 918 919
916 917 919
918 920 919
920 921 919
919 921 922
922 921 923
923 924 922
924 923 925
923 926 925
924 925 927
928 924 927
924 928 697
929 924 697
919 922 929
924 929 922
919 929 930
697 930 929
697 931 930
697 932 931
697 696 932
687 932 696
687 702 932
702 913 932
702 706 913
913 914 932
914 931 932
914 916 931
916 930 931
930 916 919
928 695 697
695 928 927
695 927 680
531 546 933
546 531 533
546 934 933
546 935 934
936 934 935
936 937 934
936 666 937
937 666 938
667 938 666
935 546 545
939 933 934
937 939 934
940 939 937
940 937 938
936 664 666
664 936 668
668 936 935
669 668 935
935 545 669
669 545 544
669 544 653
653 544 543
653 655 669
941 939 940
941 942 939
941 529 942
941 943 529
526 529 943
530 942 529
530 933 942
939 942 933
943 525 526
530 531 933
532 515 513
513 534 532
511 534 513
532 527 515
567 569 555
569 554 555
569 553 554
649 944 647
944 651 647
944 676 651
944 859 676
676 661 651
649 868 944
868 859 944
869 868 649
648 869 649
542 541 550
945 946 947
946 948 947
945 947 949
950 945 949
949 951 950
951 952 950
948 953 947
953 954 947
949 947 955
947 954 955
955 956 949
956 951 949
951 956 957
958 951 957
958 959 951
951 959 952
958 957 960
958 960 961
958 961 959
960 962 961
957 963 960
960 963 964
960 964 965
960 965 962
963 966 964
964 966 967
968 964 967
969 964 968
969 968 970
968 967 971
972 968 971
972 971 973
971 974 973
973 974 975
976 973 975
971 977 974
967 977 971
966 977 967
974 977 975
963 977 966
975 977 978
975 978 976
978 977 979
979 977 953
953 977 954
954 977 955
955 977 956
956 977 957
957 977 963
978 980 976
980 978 979
953 948 979
948 981 979
981 980 979
980 981 982
982 981 983
983 981 948
983 948 946
980 982 984
980 984 985
980 985 986
976 980 986
976 986 987
988 976 987
976 988 989
973 976 989
973 989 990
991 973 990
991 972 973
992 972 991
993 972 992
994 972 993
994 995 972
995 968 972
968 995 970
964 996 965
969 996 964
625 623 835
623 622 835
997 998 999
998 1000 999
999 1001 997
1001 1002 997
1000 998 499
500 1000 499
1002 1001 1003
1001 1004 1003
1004 1005 1003
1004 1006 1005
1007 1005 1006
1007 1006 1008
1008 1009 1007
1010 1009 1008
1010 1011 1009
1009 1011 1012
1011 1013 1012
1013 1011 1014
1014 1015 1013
1015 1014 1016
1016 1017 1015
1018 1017 1016
1018 1019 1017
1019 1018 1020
1020 1021 1019
1021 1020 1022
1023 1021 1022
1023 1022 1024
1023 1024 1025
1025 1026 1023
1027 1023 1026
1028 1021 1023
1023 1027 1028
1029 1017 1019
1030 1019 1021
1029 1019 1030
1030 1021 1028
1031 1030 1028
1030 1032 1029
1031 1032 1030
1029 1032 1033
1029 1033 1034
1035 1034 1033
1036 1034 1035
1036 1035 1037
1037 1038 1036
1038 1037 1039
1039 1040 1038
1039 1041 1040
1040 1041 1042
1041 1043 1042
1044 1043 1041
1045 1044 1041
1045 1041 1039
1012 1038 1040
1040 1009 1012
1042 1009 1040
1042 1007 1009
1046 1045 1039
1046 1039 1037
1038 1012 1013
1013 1036 1038
1047 1037 1035
1047 1046 1037
1048 1047 1035
1042 1043 1049
1049 1007 1042
1049 1043 1050
1050 1051 1049
1049 1051 1005
1049 1005 1007
1005 1051 1003
1052 1050 1043
1053 1051 1050
1003 1051 1054
1054 1051 1053
1054 1053 813
1002 1003 1054
1055 1002 1054
1054 813 1055
997 1002 1055
1056 997 1055
997 1056 998
1056 1057 998
1057 557 998
557 499 998
1057 808 557
808 559 557
1056 809 1057
809 808 1057
1055 811 1056
811 809 1056
813 811 1055
1053 1058 813
1059 1058 1053
1059 1060 1058
1060 1061 1058
1062 1060 1059
1058 1061 1063
1064 1063 1061
1065 1064 1061
1065 1061 1060
812 1058 1063
1066 1065 1060
1060 1062 1066
1064 1067 1063
1068 1067 1064
1069 1068 1064
1069 1064 1065
1067 1070 1063
812 1063 1070
1071 1070 1067
810 812 1070
810 1070 1072
1070 1071 1072
1068 1069 1073
1069 1074 1073
1075 1073 1074
1076 1075 1074
1076 1074 1077
1078 1076 1077
1078 1077 1079
1079 1077 1080
1079 1080 1081
1082 1079 1081
1077 1083 1080
1069 1083 1074
1083 1077 1074
1084 1079 1082
1084 1078 1079
1085 1084 1082
1085 1082 1086
1087 1085 1086
1087 1086 1088
1088 1086 1089
1086 1090 1089
1081 1090 1082
1090 1086 1082
1091 1090 1081
1092 1091 1081
1081 1080 1092
1093 1087 1088
1093 1088 1094
1095 1093 1094
1095 1094 1096
1094 1097 1096
1089 1097 1088
1097 1094 1088
1097 1098 1096
1099 1095 1096
1099 1096 1100
1100 1096 1098
1101 1099 1100
1089 1090 1102
1090 1091 1102
1103 1102 1091
1104 1103 1091
1091 1092 1104
1103 1104 1105
1105 1106 1103
1107 1103 1106
1104 1062 1105
1106 1105 1108
1107 1109 1103
1109 1102 1103
1105 1062 1052
1105 1052 1044
1108 1105 1044
1108 1044 1045
1110 1108 1045
1108 1110 1111
1108 1111 1106
1110 1112 1111
1113 1111 1112
1114 1113 1112
1106 1111 1115
1113 1115 1111
1106 1115 1107
1116 1115 1113
1115 1116 1117
1117 1107 1115
1118 1107 1117
1113 1119 1116
1113 1114 1119
1114 1120 1119
1114 1121 1120
1121 1122 1120
1122 1121 1123
1123 1124 1122
1121 1114 1125
1114 1112 1125
1126 1125 1112
1119 1120 1127
1119 1127 1128
1116 1119 1128
1116 1128 1129
1129 1117 1116
1130 1117 1129
1130 1118 1117
1130 1131 1118
1118 1131 1132
1133 1118 1132
1120 1134 1127
1134 1120 1122
1135 1127 1134
1134 1136 1135
1122 1136 1134
1136 1122 1124
1136 1137 1135
1135 1137 1138
1135 1139 1127
1139 1128 1127
1139 1135 1138
1140 1128 1139
1128 1140 1129
1129 1140 1141
1129 1141 1130
1139 1138 1142
1140 1139 1142
1140 1142 1143
1143 1141 1140
1142 1144 1143
1143 1145 1141
1145 1143 1146
1146 1143 1144
1145 1146 1147
1141 1145 1148
1145 1147 1148
1149 1141 1148
1149 1148 1150
1151 1149 1150
1138 1137 1152
1142 1138 1152
1142 1152 1153
1144 1142 1153
1152 1154 1153
1148 1155 1150
1148 1147 1155
1155 1147 1156
1157 1155 1156
1158 1157 1156
1156 1159 1158
1144 1159 1146
1147 1146 1159
1147 1159 1156
1159 1160 1158
1155 1157 1161
1150 1155 1161
1157 1162 1161
1159 1163 1160
1161 1162 1164
1165 1161 1164
1150 1161 1165
1166 1165 1164
1167 1166 1164
1166 1167 1168
1167 1169 1168
1169 1167 1170
1171 1169 1170
1163 755 1160
755 761 1160
1160 761 1158
753 755 1163
1172 753 1163
1172 1163 1173
1174 1172 1173
1175 1172 1174
1176 1175 1174
1176 1177 1175
1175 750 1172
750 753 1172
1177 749 1175
749 750 1175
752 749 1177
1178 752 1177
1178 1177 1179
1176 1179 1177
1180 1178 1179
1180 1179 1181
1179 1182 1181
1182 1183 1181
1183 1182 1184
1184 1185 1183
1183 1185 1186
1184 1187 1185
1188 1187 1184
1184 1154 1188
1189 1154 1184
1179 1189 1182
1184 1182 1189
1179 1190 1189
1154 1189 1190
1154 1190 1191
1154 1191 1192
1154 1192 1153
1144 1153 1192
1144 1192 1159
1159 1192 1173
1159 1173 1163
1191 1174 1192
1174 1173 1192
1190 1176 1191
1176 1174 1191
1190 1179 1176
1188 1154 1152
1152 1187 1188
1152 1137 1187
1193 1194 1195
1194 1196 1195
1194 1197 1196
1197 1198 1196
1193 1195 1199
799 1193 1199
1199 1195 1200
1201 1199 1200
1200 1195 1202
1195 1196 1202
1198 1203 1196
1203 1202 1196
1204 1199 1201
1199 1204 799
1205 1204 1201
1206 1204 1205
798 1204 1206
1204 798 799
1207 798 1206
1208 1206 1205
1206 1208 1209
1206 1209 1207
1208 1210 1209
1211 1209 1210
1212 1209 1211
1209 1212 1207
1207 1212 795
1212 1213 795
1214 1212 1211
1213 1212 1214
1214 1211 1215
1171 1214 1215
1216 1211 1210
1215 1211 1217
1211 1216 1217
1217 1218 1215
1218 1219 1215
1215 1219 1171
1218 1220 1219
1220 1221 1219
1221 1220 1222
1223 1221 1222
1223 1222 1224
1223 1224 1225
1223 1225 1226
1226 1225 1227
1226 1227 1132
1132 1227 1133
1227 1098 1133
1227 1100 1098
1225 1100 1227
1098 1097 1133
1097 1109 1133
1109 1107 1133
1107 1118 1133
1097 1089 1109
1089 1102 1109
1228 1226 1132
1226 1228 1229
1228 1230 1229
1229 1230 1166
1166 1230 1165
1150 1165 1230
1228 1151 1230
1151 1150 1230
1151 1228 1131
1151 1131 1130
1149 1151 1130
1141 1149 1130
1228 1132 1131
1229 1166 1168
1229 1168 1223
1223 1226 1229
1168 1221 1223
1221 1168 1169
1219 1221 1169
1219 1169 1171
1170 1231 1171
1231 1214 1171
1231 1213 1214
1213 1231 1232
1233 1213 1232
795 1213 1233
793 795 1233
793 1233 783
1233 1234 783
783 1234 1235
774 783 1235
774 1235 773
1235 1236 773
773 1236 760
1236 759 760
1236 1237 759
1237 762 759
1235 1238 1236
1238 1237 1236
1235 1234 1238
1234 1239 1238
1234 1233 1239
1233 1232 1239
1237 1240 762
1240 761 762
1238 1241 1237
1241 1240 1237
1238 1239 1241
1239 1242 1241
1239 1232 1242
1232 1243 1242
1232 1231 1243
1231 1170 1243
761 1240 1158
1240 1241 1158
1241 1157 1158
1242 1162 1241
1162 1157 1241
1162 1242 1164
1242 1243 1164
1170 1167 1243
1167 1164 1243
1244 1245 1246
1245 1247 1246
1246 1247 1198
1247 1203 1198
1245 1244 1075
1244 1073 1075
1244 1246 1248
1246 1198 1248
1249 1244 1248
1244 1249 1073
1073 1249 1068
1249 1250 1068
1249 1248 1250
1068 1250 1067
1250 1071 1067
1071 1250 1251
1248 1251 1250
1248 1197 1251
1198 1197 1248
1197 1252 1251
1253 1071 1251
1253 1251 1252
1072 1071 1253
802 1072 1253
803 1072 802
1253 788 802
788 1253 1252
810 1072 803
1252 1254 788
1254 787 788
790 787 1254
1255 790 1254
790 1255 792
1255 797 792
1255 1254 1193
1254 1194 1193
1254 1252 1194
1252 1197 1194
797 1255 799
1255 1193 799
1033 1256 1048
1048 1035 1033
1048 1256 1257
1048 1257 1258
1259 1258 1257
1259 1257 1260
1259 1260 1123
1260 1261 1123
1124 1123 1261
1258 1047 1048
1262 1257 1256
1260 1257 1262
1263 1260 1262
1263 1261 1260
1259 1123 1121
1121 1125 1259
1125 1258 1259
1126 1258 1125
1258 1126 1047
1126 1046 1047
1126 1110 1046
1110 1045 1046
1110 1126 1112
1264 1263 1262
1264 1262 1265
1264 1265 1031
1264 1031 1266
1028 1266 1031
1032 1031 1265
1032 1265 1256
1262 1256 1265
1266 1028 1027
1032 1256 1033
1034 1015 1017
1015 1034 1036
1013 1015 1036
1034 1017 1029
1058 812 813
1052 1059 1050
1059 1053 1050
1062 1059 1052
1044 1052 1043
1092 1062 1104
1062 1092 1066
1080 1066 1092
1066 1080 1083
1065 1066 1083
1083 1069 1065
1224 1101 1225
1101 1100 1225
1267 1268 1269
1268 1270 1269
1269 1270 1271
1270 1272 1271
1273 1271 1272
1274 1273 1272
1275 1267 1269
1276 1275 1269
1276 1269 1277
1269 1271 1277
1273 1278 1271
1278 1277 1271
1279 1278 1273
1280 1279 1273
1280 1273 1281
1273 1274 1281
1279 1280 1282
1282 1280 1283
1280 1281 1283
1284 1282 1283
1285 1279 1282
1285 1282 1286
1282 1287 1286
1282 1284 1287
1288 1285 1286
1288 1286 1289
1286 1290 1289
1291 1290 1286
1291 1292 1290
1289 1290 1293
1290 1294 1293
1293 1294 1295
1296 1293 1295
1296 1295 1297
1295 1298 1297
1293 1296 1299
1289 1293 1299
1288 1289 1299
1296 1297 1299
1285 1288 1299
1297 1300 1299
1300 1297 1298
1300 1301 1299
1301 1275 1299
1275 1276 1299
1276 1277 1299
1277 1278 1299
1278 1279 1299
1279 1285 1299
1302 1300 1298
1300 1302 1301
1267 1275 1301
1303 1267 1301
1302 1303 1301
1302 1304 1303
1304 1305 1303
1305 1267 1303
1305 1268 1267
1302 1306 1304
1302 1307 1306
1302 1308 1307
1298 1308 1302
1298 1309 1308
1310 1309 1298
1298 1311 1310
1295 1311 1298
1295 1312 1311
1313 1312 1295
1313 1295 1294
1314 1313 1294
1315 1314 1294
1316 1315 1294
1316 1294 1317
1317 1294 1290
1290 1292 1317
1286 1287 1318
1291 1286 1318
795 796 1207
796 798 1207
