byte offset: 0
first index: 0
index count: 3930
topology: trianglelist
format: DXGI_FORMAT_R16_UINT

0 1 2
2 3 0
0 3 4
4 3 5
5 6 4
7 6 5
5 8 7
7 8 9
10 9 8
8 11 10
10 11 12
13 12 11
11 14 13
13 14 15
16 15 14
14 17 16
16 17 18
3 19 5
14 20 17
14 21 20
11 21 14
11 22 21
8 22 11
8 23 22
5 19 23
5 23 8
21 24 20
22 24 21
19 24 23
23 24 22
25 24 19
3 25 19
2 25 3
2 26 25
26 24 25
27 24 26
28 27 26
28 26 29
30 27 28
30 28 31
31 32 30
30 32 33
33 34 30
35 34 33
36 34 35
35 37 36
38 36 37
39 36 38
39 38 40
40 41 39
42 41 40
43 41 42
42 44 43
43 44 45
45 46 43
47 46 45
36 48 34
36 49 48
39 49 36
43 50 41
43 51 50
46 51 43
46 52 51
39 53 49
41 50 53
41 53 39
49 24 48
51 24 50
52 24 51
53 24 49
50 24 53
54 24 52
55 54 52
55 52 56
57 55 56
57 58 55
48 24 59
34 48 59
34 59 30
30 59 27
59 24 27
55 58 18
55 18 17
54 55 17
54 17 20
24 54 20
2 60 61
61 62 2
31 62 63
64 65 66
64 66 67
66 68 67
66 69 68
70 64 71
70 71 72
73 70 72
73 72 74
72 75 74
72 76 75
71 68 76
71 76 72
77 78 73
77 73 79
75 77 79
80 78 77
80 81 78
81 80 82
80 83 82
84 83 80
84 80 77
75 84 77
85 86 69
85 69 87
88 85 87
88 87 65
89 88 90
89 90 91
92 86 89
92 89 91
93 94 90
93 92 94
95 96 97
95 97 98
99 96 95
99 100 96
101 100 99
101 102 100
103 104 101
105 106 107
105 107 108
109 108 107
109 110 108
110 109 111
106 112 107
106 113 112
114 112 113
114 115 112
116 109 107
116 117 109
117 116 118
117 118 119
114 120 115
121 119 118
109 122 123
123 122 124
123 124 125
124 126 125
109 123 127
128 129 130
131 132 133
131 133 134
135 136 137
135 137 138
139 140 136
141 142 143
141 143 144
145 146 147
148 149 150
151 152 153
151 153 154
155 151 154
155 154 156
157 153 158
157 158 159
160 156 157
160 157 159
161 162 158
161 163 162
163 160 162
163 164 160
165 166 161
165 164 166
167 168 152
169 168 167
169 170 168
167 152 171
172 169 167
172 167 173
173 167 171
173 171 155
170 174 175
170 175 176
176 175 177
176 177 178
179 178 177
180 179 177
175 180 177
175 181 180
174 172 181
174 181 175
182 183 184
182 184 185
186 182 185
186 185 187
186 187 188
186 188 189
190 189 191
192 193 194
194 193 195
194 195 196
196 195 197
196 197 198
198 197 199
192 200 201
202 201 200
202 200 203
203 204 202
205 201 202
205 202 206
207 205 206
207 208 205
209 208 207
202 210 211
202 211 212
213 212 211
213 214 212
214 213 215
216 217 218
219 220 221
219 221 222
223 224 225
223 225 226
227 226 228
229 230 231
229 231 232
233 234 235
236 237 238
239 240 241
239 241 242
240 243 241
240 244 243
245 239 242
245 242 246
246 247 245
246 248 247
249 247 248
249 250 247
251 250 249
251 252 250
252 251 253
252 253 254
254 253 255
254 255 256
256 255 257
256 257 258
258 257 259
258 259 260
260 259 261
260 261 262
262 261 263
262 263 264
264 263 265
264 265 266
267 266 265
267 268 266
269 268 267
269 270 268
271 270 269
271 272 270
273 272 271
273 274 272
273 275 274
273 276 275
276 277 275
276 278 277
279 277 278
279 280 277
281 277 280
281 280 282
283 281 282
283 282 284
285 283 284
285 284 286
287 285 286
287 286 288
289 287 288
289 288 290
289 290 291
289 291 292
293 292 291
293 294 292
295 296 297
295 297 298
298 297 299
298 299 300
301 296 295
301 302 296
303 301 304
303 304 305
306 307 304
306 304 308
309 306 308
309 308 310
310 311 309
310 312 311
312 313 311
312 314 313
314 315 313
314 316 315
316 317 315
316 318 317
318 319 317
318 320 319
320 321 319
320 322 321
322 323 321
322 324 323
325 323 324
325 324 326
327 325 326
327 326 328
329 327 328
329 328 330
331 329 330
331 330 332
331 332 333
331 333 334
334 333 335
334 335 336
337 336 335
337 335 338
339 338 335
339 340 338
341 340 339
341 342 340
343 342 341
343 344 342
345 344 343
345 346 344
347 346 345
347 348 346
347 349 348
347 350 349
351 349 350
351 350 352
353 354 355
353 355 356
356 357 353
356 358 357
359 357 358
359 360 357
361 359 358
361 362 359
363 361 358
363 358 356
356 364 363
356 365 364
365 366 364
365 367 366
357 360 368
369 368 360
369 360 370
370 371 369
370 372 371
357 368 373
371 372 374
371 374 375
375 374 376
375 376 377
377 376 378
377 378 379
379 378 380
379 380 381
382 381 380
382 383 381
383 382 384
383 384 385
386 371 375
386 375 387
387 375 377
388 386 387
388 387 389
389 387 390
387 377 390
390 377 379
389 390 391
386 388 392
386 392 393
392 394 393
392 395 394
396 394 395
396 395 397
398 396 397
398 397 399
399 400 398
399 401 400
400 401 402
400 402 403
404 403 402
404 405 403
405 404 406
405 406 407
408 407 406
408 409 407
410 409 408
410 408 411
411 412 410
411 413 412
414 412 413
414 415 412
416 415 414
416 417 415
418 404 402
418 402 419
420 418 419
420 419 421
421 419 422
421 422 423
424 421 423
424 423 425
426 425 423
426 423 427
427 423 422
427 428 426
427 429 428
430 428 429
430 429 431
432 430 431
432 431 433
421 424 434
421 434 420
420 434 435
420 435 436
437 436 435
437 438 436
438 437 439
438 439 440
441 440 439
441 442 440
442 441 443
442 443 444
438 445 436
438 446 445
446 438 440
444 443 447
444 447 448
448 449 444
448 450 449
448 447 451
448 451 452
453 448 452
453 452 454
455 442 444
455 444 456
457 442 455
457 440 442
446 440 457
458 452 451
458 459 452
459 454 452
460 459 458
460 461 459
461 460 462
461 462 463
464 463 462
464 465 463
461 466 459
459 466 454
461 467 466
467 461 463
467 463 468
468 463 465
468 465 469
469 465 470
469 470 471
472 471 470
472 473 471
474 472 470
474 470 475
475 470 465
475 465 464
476 472 474
476 477 472
473 472 477
477 476 478
477 478 479
480 477 479
480 481 477
473 477 481
467 482 466
466 482 483
466 483 454
416 454 483
416 450 454
450 416 414
450 414 449
480 484 481
485 481 484
486 485 484
486 484 487
488 487 484
488 484 489
480 489 484
485 473 481
383 486 487
385 486 383
385 490 486
490 485 486
383 487 381
488 381 487
488 379 381
390 379 488
391 390 488
391 488 489
491 391 489
391 491 492
491 493 492
492 493 494
495 494 493
496 494 495
496 433 494
433 497 494
492 494 497
433 498 497
495 493 499
500 499 493
491 500 493
500 501 499
498 433 431
498 431 502
503 502 431
503 431 429
429 504 503
429 427 504
427 422 504
498 388 497
389 497 388
389 492 497
498 392 388
392 498 502
392 502 395
397 395 502
397 502 503
504 397 503
504 399 397
422 399 504
422 401 399
419 401 422
419 402 401
391 492 389
505 506 507
505 507 508
509 506 505
509 510 506
506 511 507
506 367 511
508 507 512
508 512 513
514 513 512
514 515 513
514 516 515
514 517 516
517 518 516
517 519 518
520 512 507
520 507 511
405 512 520
405 520 403
521 403 520
521 400 403
400 521 522
354 522 521
520 354 521
354 353 522
353 373 522
353 357 373
522 373 396
373 394 396
373 368 394
394 368 369
394 369 393
371 393 369
371 523 393
522 396 398
400 522 398
511 355 354
511 367 355
520 511 354
366 367 506
366 506 510
524 525 526
524 526 527
528 524 527
528 527 529
530 526 525
530 531 526
412 524 528
412 528 410
415 525 524
415 524 412
417 530 525
417 525 415
528 519 410
529 519 528
519 409 410
519 517 409
409 517 514
409 514 407
512 407 514
512 405 407
529 518 519
530 417 532
417 483 532
533 532 483
533 534 532
533 535 534
536 535 533
482 536 533
533 483 482
482 537 536
538 536 537
538 537 539
540 538 539
540 539 541
467 537 482
537 467 468
537 468 539
539 468 469
539 469 541
471 541 469
471 542 541
536 543 535
538 543 536
535 543 544
535 544 545
544 543 546
538 546 543
540 546 538
544 546 547
547 546 548
540 548 546
547 548 549
473 542 471
473 485 542
490 542 485
541 542 490
548 384 549
548 385 384
490 385 548
490 548 540
541 490 540
550 535 545
550 534 535
550 530 534
530 532 534
550 531 530
436 445 418
436 418 420
445 404 418
445 406 404
446 406 445
446 408 406
408 446 457
408 457 411
411 457 455
411 455 413
413 455 456
413 456 414
551 552 553
551 553 554
552 551 555
552 555 556
557 556 555
557 555 558
559 556 557
559 557 560
561 552 556
561 556 559
552 561 562
552 562 563
563 562 564
563 564 565
555 566 558
567 558 566
567 568 558
568 567 569
568 569 570
555 571 566
569 572 570
569 573 572
573 574 572
573 575 574
575 576 574
575 577 576
577 578 576
577 579 578
580 578 579
580 579 581
581 582 580
581 583 582
584 582 583
584 583 585
583 586 585
585 586 587
585 587 588
583 589 586
586 589 590
586 590 591
589 592 590
589 593 592
583 581 593
583 593 589
593 594 592
593 595 594
581 595 593
590 596 591
597 591 596
597 587 586
597 586 591
597 596 598
598 596 599
596 600 599
596 601 600
590 601 596
602 600 601
602 601 603
603 601 590
603 590 592
604 600 602
604 605 600
605 599 600
606 604 602
606 602 607
603 607 602
603 608 607
598 599 609
610 609 599
605 610 599
610 611 609
612 609 611
612 611 613
613 614 612
613 615 614
612 614 616
612 616 617
617 609 612
617 598 609
615 618 614
615 619 618
620 618 619
620 619 621
622 620 621
622 621 623
624 622 623
624 623 625
625 626 624
625 627 626
628 626 627
628 627 629
629 630 628
628 630 631
628 631 632
632 626 628
629 633 630
620 622 634
620 634 635
636 630 633
636 633 637
638 636 637
638 637 639
639 640 638
639 641 640
642 640 641
642 643 640
643 642 644
643 644 645
638 640 646
643 646 640
638 646 647
636 638 647
648 645 644
648 649 645
650 649 648
650 651 649
636 647 652
653 649 651
651 654 653
651 655 654
656 655 651
656 657 655
657 658 655
657 659 658
660 658 659
660 659 661
662 660 661
660 662 663
660 663 664
664 658 660
662 661 665
666 654 655
666 655 658
664 666 658
667 654 666
667 668 654
653 654 668
668 667 669
668 669 670
667 671 669
667 672 671
672 667 666
672 666 664
672 673 671
672 674 673
664 663 674
664 674 672
670 675 668
670 676 675
675 676 677
675 677 678
679 678 677
679 680 678
681 680 679
681 682 680
682 681 683
682 683 684
683 685 684
683 686 685
687 685 686
687 686 688
688 689 687
688 690 689
691 689 690
691 690 692
693 691 692
693 694 691
694 693 695
694 695 696
697 696 695
697 695 698
699 697 698
699 698 700
700 701 699
700 702 701
701 702 703
701 703 704
632 689 691
632 631 689
631 687 689
631 652 687
630 652 631
630 636 652
652 685 687
652 647 685
647 684 685
647 646 684
646 682 684
646 705 682
643 705 646
645 705 643
645 706 705
706 645 649
706 649 707
653 707 649
675 707 653
653 668 675
675 678 707
680 706 707
680 707 678
705 706 680
705 680 682
708 709 710
708 710 711
712 708 711
712 711 713
711 710 714
711 714 565
709 715 710
709 716 715
717 715 716
717 716 718
717 718 719
717 719 720
720 719 721
720 721 722
723 714 710
723 710 715
688 723 715
688 686 723
724 723 686
724 686 683
683 725 724
554 724 725
723 724 554
554 725 551
551 725 571
551 571 555
725 679 571
571 679 677
571 677 566
677 567 566
677 676 567
569 567 676
569 676 726
725 681 679
683 681 725
670 573 569
670 669 573
669 575 573
669 671 575
671 577 575
671 673 577
577 673 595
577 595 579
581 579 595
674 595 673
674 594 595
674 608 594
592 594 608
592 608 603
674 663 608
662 608 663
662 607 608
665 607 662
665 606 607
727 728 729
727 729 730
731 728 727
731 732 728
733 730 729
733 729 734
735 733 734
735 734 736
737 735 736
737 736 738
695 731 727
695 693 731
698 695 727
698 727 730
700 698 730
700 730 733
733 735 702
733 702 700
737 702 735
731 693 722
732 731 722
722 693 692
722 692 720
692 717 720
692 690 717
715 717 690
715 690 688
738 739 737
739 703 737
737 703 702
739 740 703
588 740 739
588 739 741
588 741 742
585 588 742
585 742 584
588 587 740
743 740 587
703 740 743
743 587 597
743 597 598
743 598 617
617 704 743
703 743 704
617 616 704
616 701 704
616 744 701
614 744 616
614 618 744
745 744 618
745 618 620
699 701 744
699 744 635
635 697 699
635 634 697
696 697 746
696 746 747
747 746 622
747 622 624
748 747 624
748 624 626
632 748 626
691 748 632
691 694 748
694 696 747
694 747 748
732 722 721
564 713 711
564 711 565
714 553 565
714 554 553
723 554 714
749 750 751
750 752 751
752 750 753
754 752 753
755 754 753
754 755 756
755 757 756
757 755 758
759 757 758
760 759 758
759 760 761
762 761 760
763 762 760
763 764 762
764 763 765
766 764 765
767 766 765
766 767 768
767 769 768
769 767 770
771 769 770
771 770 772
771 772 773
760 758 774
760 774 775
763 760 775
763 775 776
777 763 776
777 776 778
779 777 778
779 778 780
781 779 780
781 780 782
783 781 782
783 782 784
775 774 785
780 778 785
782 780 785
784 782 785
776 775 785
778 776 785
774 786 785
758 786 774
758 755 786
786 787 785
788 787 786
788 789 787
789 790 787
787 790 785
789 791 790
791 792 790
790 792 785
791 793 792
793 794 792
792 794 785
793 795 794
795 796 794
794 796 785
795 797 796
797 798 796
796 798 785
797 799 798
799 800 798
799 801 800
799 802 801
802 799 803
802 804 801
805 801 804
801 805 806
805 807 806
801 808 800
801 809 808
800 808 785
798 800 785
772 806 807
772 807 773
784 808 809
785 808 784
784 809 783
810 811 799
812 810 799
810 812 813
814 813 812
815 814 812
814 815 816
815 817 816
817 815 818
749 817 818
791 749 818
491 489 480
500 491 480
500 480 479
478 500 479
478 501 500
738 741 739
417 416 483
819 820 821
819 821 822
821 820 823
821 823 824
825 824 823
825 826 824
827 826 825
827 828 826
829 828 827
829 827 830
831 829 830
831 832 829
833 832 831
833 831 834
835 833 834
835 836 833
837 836 835
837 838 836
839 838 837
839 837 840
841 839 840
841 840 842
843 841 842
844 845 846
844 846 847
848 847 846
848 846 849
850 848 849
850 849 851
852 845 844
851 853 850
852 854 845
852 855 854
852 856 855
852 857 856
857 858 856
858 857 859
860 861 859
859 862 863
859 863 864
865 863 862
865 862 866
867 865 866
867 868 865
867 869 868
867 870 869
871 872 873
871 873 874
874 873 875
874 875 876
877 876 878
877 878 879
880 878 876
877 881 882
883 884 885
883 885 886
884 887 885
884 888 887
887 888 889
887 889 890
890 891 892
892 893 894
892 894 895
894 896 895
894 897 896
897 898 896
897 899 898
899 900 898
899 901 900
901 902 900
903 904 905
906 904 903
907 908 909
907 909 910
911 908 907
912 911 907
913 911 912
912 914 913
912 915 914
914 915 916
917 916 915
917 918 916
917 919 918
917 920 919
919 920 921
919 921 922
923 922 921
923 924 922
925 924 923
925 926 924
926 927 924
925 928 926
925 929 928
929 930 928
931 932 933
934 931 933
934 933 935
936 934 935
936 935 937
936 937 910
936 910 909
938 939 940
941 942 943
944 945 946
947 944 946
947 948 944
949 950 951
952 949 951
952 951 953
954 955 956
954 956 819
954 819 957
819 822 957
958 959 960
961 959 958
960 962 958
960 963 962
964 962 963
964 963 965
966 964 965
966 965 967
968 966 967
968 967 969
970 968 969
970 971 968
972 971 970
972 970 973
974 972 973
974 975 972
976 975 974
976 974 977
978 976 977
978 977 979
980 978 979
980 981 978
982 981 980
982 983 981
984 983 982
985 986 987
985 987 988
989 987 986
989 990 987
991 990 989
991 992 990
993 985 988
993 988 994
993 994 995
993 995 996
993 996 997
997 996 998
998 999 997
1000 999 998
999 1000 1001
999 1001 1002
1002 1001 1003
1002 1003 1004
1005 1004 1003
1005 1006 1004
1005 1007 1006
1006 1007 1008
1009 1010 1011
1009 1011 1012
1009 1012 1013
1009 1013 1014
1014 1013 1015
1014 1015 1016
1015 1017 1016
1015 1018 1017
1019 1011 1010
1019 1020 1011
1018 1021 1022
1021 1023 1024
1024 1023 1025
1024 1025 1026
1026 1025 1027
1026 1027 1028
1021 1024 1029
1028 1027 1030
1028 1030 1031
1030 1032 1031
1019 1033 1034
1035 1033 1019
1035 1036 1033
1035 1037 1038
1039 1040 1041
1042 1039 1041
1043 1044 1045
1043 1045 1046
1047 1043 1046
1048 1043 1047
1044 1049 1045
1044 1050 1049
1050 1051 1049
1050 1052 1051
1051 1052 1053
1051 1053 1054
1053 1055 1054
1056 1048 1057
1048 1056 1058
1048 1058 1059
1058 1060 1059
1061 1059 1060
1061 1060 1062
1061 1062 1063
1061 1063 1064
1063 1065 1064
1063 1066 1065
1067 1065 1066
1067 1066 1068
1069 1067 1068
1069 1068 1070
1069 1070 1071
1069 1071 1072
1070 1068 1073
1071 1074 1072
1075 1076 1077
1078 1079 1080
1081 991 1082
1083 1084 1085
1083 1085 1086
1084 1087 1085
1088 1089 1090
1088 1090 1091
1090 1092 1091
1093 958 1094
1093 1094 1095
1096 1097 1098
1099 1100 1101
