byte offset: 0
first index: 0
index count: 4290
topology: trianglelist
format: DXGI_FORMAT_R16_UINT

0 1 2
1 3 2
2 4 0
4 5 0
5 4 6
7 3 8
3 9 8
7 10 11
12 13 11
13 14 11
15 16 11
16 17 11
18 17 19
17 20 19
18 19 21
22 23 24
23 25 24
22 26 23
26 27 23
28 24 25
28 29 24
29 30 24
30 31 24
30 32 31
32 33 31
33 34 35
36 37 38
39 40 41
40 42 41
43 44 45
44 46 45
47 48 49
50 51 52
51 53 52
53 54 52
53 55 54
55 56 54
55 57 56
57 58 56
58 57 59
59 57 60
59 60 61
61 62 59
62 61 63
62 63 64
65 62 64
65 64 66
61 67 63
67 61 60
66 68 65
68 66 69
66 70 69
71 68 69
72 71 69
62 65 73
62 73 59
65 68 74
65 74 73
69 70 75
70 76 75
75 76 77
77 78 75
79 78 77
77 80 79
76 80 77
78 81 75
72 69 81
69 75 81
82 74 68
82 68 83
83 68 71
82 83 84
83 85 84
84 85 86
85 87 86
87 88 86
88 87 89
84 86 90
86 88 90
84 90 91
91 90 92
91 92 93
92 94 93
92 95 94
95 96 94
95 97 96
97 98 96
98 97 99
88 100 90
100 88 89
101 102 103
102 104 103
104 105 103
104 106 105
106 107 105
107 106 108
109 107 108
108 110 109
110 57 109
60 57 110
111 67 60
112 111 60
113 112 60
114 112 113
115 116 117
116 118 117
119 116 115
120 119 115
117 118 121
118 122 121
119 120 123
120 124 123
125 123 124
125 126 123
127 126 125
127 128 126
128 127 129
130 128 129
131 130 129
131 132 130
133 121 122
134 133 122
133 134 135
134 136 135
137 135 136
138 139 140
139 141 140
138 140 142
143 138 142
143 142 144
145 143 144
146 145 144
141 139 147
148 149 150
150 151 148
151 152 148
152 151 153
154 152 153
155 154 153
156 154 155
156 155 157
155 158 157
156 159 154
160 154 159
161 160 159
160 161 162
161 163 162
162 163 164
163 165 164
164 165 166
167 168 169
168 170 169
171 169 170
172 168 167
173 172 167
173 174 172
174 175 172
174 176 175
176 177 175
177 176 178
179 171 170
171 179 180
181 180 179
180 181 182
183 180 182
180 183 171
183 184 171
183 182 185
186 183 185
183 186 184
186 185 187
188 186 187
189 188 187
190 188 189
190 191 188
191 186 188
186 191 184
192 181 179
193 181 192
194 193 192
195 194 192
194 195 196
197 196 195
198 196 197
197 199 198
199 200 198
201 200 199
202 201 199
201 202 203
202 204 203
203 204 205
206 194 196
207 206 196
196 198 207
206 207 208
207 209 208
198 209 207
210 211 212
211 213 212
214 211 210
215 214 210
212 213 216
217 214 215
218 214 217
217 215 219
220 217 219
221 220 219
221 222 220
222 223 220
223 222 224
223 224 225
225 224 226
226 227 225
226 228 227
228 229 227
228 230 229
231 229 230
229 231 232
232 231 233
231 234 233
233 234 235
236 237 238
238 239 236
239 240 236
240 239 241
242 243 244
243 245 244
245 246 244
246 245 247
248 246 247
247 249 248
249 250 248
250 249 251
252 250 251
253 254 255
253 256 254
256 257 254
256 258 257
258 259 257
258 260 259
260 261 259
261 260 262
55 53 263
264 265 266
265 267 266
265 264 268
264 269 268
268 269 270
269 271 270
270 271 272
273 274 275
274 276 275
275 276 277
276 278 277
279 274 273
280 279 273
281 280 273
280 281 282
281 283 282
283 284 282
284 285 282
284 286 285
286 287 285
287 286 288
289 287 288
289 288 290
291 289 290
291 290 292
293 291 292
293 292 294
295 293 294
295 294 296
297 295 296
296 298 297
298 299 297
298 300 299
300 301 299
301 300 302
303 301 302
302 304 303
304 305 303
305 304 306
306 307 305
306 308 307
308 309 307
310 307 309
311 310 309
312 310 311
313 312 311
314 312 313
315 314 313
316 314 315
317 316 315
317 318 316
318 319 316
319 318 320
321 319 320
320 322 321
322 323 321
319 321 324
321 325 324
321 323 325
324 325 326
326 327 324
327 328 324
316 319 328
319 324 328
325 329 326
323 330 325
329 325 330
331 329 330
332 329 331
333 332 331
326 329 334
329 332 334
335 334 332
336 335 332
336 332 333
335 336 337
336 338 337
274 337 338
276 274 338
338 339 276
339 278 276
340 336 333
336 340 338
340 339 338
337 274 341
341 274 342
274 279 342
343 342 279
280 343 279
343 280 344
280 282 344
345 344 282
285 345 282
285 287 345
287 346 345
287 289 346
289 347 346
289 291 347
291 348 347
291 293 348
293 349 348
293 295 349
295 350 349
295 297 350
297 351 350
297 299 351
299 352 351
347 348 353
348 349 353
349 354 353
354 349 350
355 346 347
355 356 346
357 356 355
357 358 356
358 357 359
357 360 359
357 361 360
361 357 355
361 362 360
358 363 356
361 355 364
365 361 364
365 364 353
362 361 365
363 358 366
367 363 366
367 343 363
343 367 342
367 368 342
343 344 363
342 368 341
368 369 341
370 341 369
370 337 341
335 337 370
371 335 370
334 335 371
372 334 371
334 372 326
372 327 326
373 370 369
371 370 373
373 369 374
375 373 374
376 373 375
376 371 373
372 371 376
377 376 375
374 378 375
378 379 375
375 379 377
376 377 380
327 372 380
380 372 376
377 381 380
382 327 380
380 381 382
377 383 381
379 383 377
383 384 381
381 385 382
385 381 384
385 386 382
386 387 382
327 382 387
387 386 388
389 387 388
328 387 389
390 328 389
328 390 316
390 314 316
314 390 312
390 391 312
391 390 392
390 389 392
388 393 389
393 392 389
388 386 394
386 395 394
395 386 385
328 327 387
394 396 388
396 393 388
393 396 397
396 398 397
399 397 398
400 399 398
401 396 394
402 401 394
402 394 395
403 401 402
401 403 404
405 401 404
398 396 405
396 401 405
404 406 405
406 407 405
400 398 407
398 405 407
408 403 402
407 406 409
406 410 409
409 411 407
411 400 407
402 412 408
412 413 408
412 414 413
414 415 413
415 414 416
414 417 416
418 416 417
419 418 417
418 419 420
419 421 420
414 422 417
422 384 417
419 417 384
423 420 421
424 423 421
423 424 425
424 426 425
426 424 378
427 426 378
425 426 428
429 425 428
429 428 430
430 428 359
428 431 359
427 431 426
431 428 426
431 427 366
427 432 366
366 432 367
432 368 367
368 432 369
432 374 369
378 374 427
374 432 427
433 429 430
433 430 434
435 433 434
434 436 435
436 437 435
436 438 437
438 436 439
436 362 439
362 436 434
438 440 437
438 441 440
441 442 440
442 441 443
444 442 443
439 445 438
445 441 438
446 445 439
365 446 439
439 362 365
445 446 447
448 445 447
445 448 441
448 443 441
448 449 443
449 450 443
444 443 450
446 365 353
353 354 446
354 447 446
449 451 450
452 451 449
453 452 449
449 448 453
448 447 453
452 453 454
453 455 454
453 447 455
447 354 455
454 455 351
455 350 351
455 354 350
451 456 450
450 456 457
456 458 457
458 456 459
460 458 459
459 456 461
456 451 461
458 462 457
458 460 462
462 463 457
457 463 444
457 444 450
463 464 444
444 464 442
464 465 442
440 442 465
466 440 465
466 467 440
467 437 440
467 468 437
468 435 437
433 435 468
469 433 468
433 469 429
469 470 429
429 470 425
470 471 425
425 471 423
471 472 423
423 472 420
472 473 420
420 473 418
473 474 418
418 474 416
474 475 416
475 476 416
476 415 416
413 415 476
477 413 476
477 478 413
478 408 413
478 479 408
479 403 408
479 480 403
480 404 403
404 480 481
406 404 481
481 482 406
482 410 406
410 482 483
460 410 483
460 459 410
459 409 410
459 461 409
461 411 409
484 411 461
411 484 400
484 399 400
485 484 461
485 461 451
452 485 451
486 485 452
454 486 452
352 486 454
351 352 454
460 483 462
352 487 486
301 487 352
299 301 352
487 488 486
486 488 485
488 484 485
484 488 399
488 489 399
397 399 489
490 397 489
397 490 393
490 392 393
490 491 392
491 490 489
491 391 392
489 492 491
488 487 492
492 489 488
301 303 487
303 492 487
391 491 310
312 391 310
305 492 303
492 305 493
493 491 492
310 491 493
493 305 307
307 310 493
356 363 345
363 344 345
356 345 346
364 355 347
364 347 353
412 395 414
395 422 414
412 402 395
422 395 385
422 385 384
383 419 384
419 383 379
421 419 379
421 379 424
379 378 424
359 360 430
360 434 430
360 362 434
358 359 431
366 358 431
494 495 496
495 497 496
494 496 498
499 494 498
500 497 495
499 498 501
502 499 501
503 497 500
504 503 500
505 503 504
506 503 505
507 506 505
508 506 507
509 506 508
510 509 508
511 509 510
512 509 511
513 512 511
514 512 513
515 512 514
516 515 514
516 517 515
517 518 515
519 518 517
519 520 518
520 521 518
522 521 520
523 521 522
524 523 522
524 525 523
525 526 523
525 527 526
527 528 526
529 528 527
529 502 528
502 501 528
526 528 530
528 531 530
528 501 531
521 532 518
521 523 532
532 533 518
518 533 515
533 534 515
534 535 515
535 512 515
512 535 536
509 512 536
509 536 537
506 509 537
506 537 503
537 538 503
503 538 497
538 539 497
497 539 496
539 540 496
496 540 498
540 541 498
539 542 540
536 542 537
537 542 538
538 542 539
534 542 535
535 542 536
540 542 543
498 543 544
543 542 544
501 498 544
501 544 531
544 542 531
531 542 530
530 542 545
526 530 545
523 526 545
523 545 532
545 542 532
532 542 533
533 542 534
546 547 548
547 549 548
550 547 546
551 550 546
551 552 550
553 549 554
549 555 554
555 556 557
558 559 556
559 560 556
561 556 562
556 563 562
564 563 565
563 566 565
566 567 565
568 569 570
569 571 570
572 568 570
573 572 570
574 571 569
574 569 575
575 569 576
576 569 577
578 576 577
579 578 577
579 580 581
582 583 584
585 586 587
586 588 587
589 590 591
590 592 591
593 594 595
596 597 598
599 598 597
600 599 597
601 599 600
602 601 600
603 601 602
604 603 602
604 605 603
605 606 603
605 607 606
607 605 608
607 608 609
609 608 610
608 611 610
611 612 610
613 607 609
606 607 613
612 611 614
612 614 615
616 612 615
614 617 615
617 618 615
608 619 611
608 605 619
611 620 614
611 619 620
616 615 621
622 616 621
622 621 623
624 623 621
625 623 624
623 625 626
626 622 623
627 624 621
618 627 615
627 621 615
628 614 620
628 629 614
629 617 614
629 628 630
631 629 630
630 632 631
633 631 632
634 633 632
634 635 633
630 636 632
634 632 636
630 637 636
637 638 636
638 637 639
640 638 639
641 638 640
642 641 640
643 641 642
644 643 642
644 645 643
646 634 636
646 635 634
647 648 649
649 648 650
648 651 650
652 650 651
653 652 651
652 653 654
653 655 654
656 654 655
603 656 655
606 656 603
657 606 613
606 657 658
659 606 658
660 659 658
661 662 663
662 664 663
662 665 664
665 666 664
661 663 667
668 661 667
665 669 666
669 670 666
671 670 669
671 669 672
673 671 672
673 672 674
673 674 675
674 676 675
677 675 676
677 676 678
667 679 668
679 680 668
680 679 681
682 680 681
683 682 681
684 685 686
685 687 686
686 687 688
687 689 688
688 689 690
689 691 690
692 690 691
684 693 685
694 695 696
697 695 694
698 697 694
697 698 699
698 700 699
701 699 700
702 701 700
701 702 703
704 701 703
702 700 705
700 706 705
706 707 705
707 706 708
709 707 708
709 708 710
711 709 710
710 712 711
713 714 715
714 716 715
717 713 715
714 718 716
718 719 716
720 719 718
721 720 718
722 720 721
723 722 721
723 724 722
725 713 717
717 726 725
727 725 726
727 726 728
726 729 728
726 717 729
717 730 729
728 729 731
729 732 731
729 730 732
731 732 733
732 734 733
735 733 734
736 735 734
736 734 737
734 732 737
730 737 732
738 725 727
739 738 727
738 739 740
741 738 740
740 742 741
743 741 742
744 743 742
745 743 744
746 745 744
745 746 747
748 745 747
748 747 749
750 748 749
749 751 750
742 740 752
753 742 752
744 742 753
752 754 753
753 754 755
755 744 753
756 757 758
757 759 758
757 760 759
760 761 759
758 762 756
763 761 760
764 763 760
763 765 761
763 766 765
766 767 765
768 767 766
769 768 766
769 770 768
769 771 770
771 772 770
772 771 773
772 773 774
774 773 775
774 775 776
777 776 775
775 778 777
777 778 779
780 777 779
779 781 780
782 783 784
785 783 782
786 785 782
786 787 785
788 789 790
791 790 789
792 791 789
791 792 793
792 794 793
795 793 794
796 795 794
795 796 797
796 798 797
799 800 801
802 799 801
803 802 801
804 802 803
805 804 803
806 804 805
807 806 805
807 808 806
601 809 599
810 811 812
811 813 812
813 811 814
815 813 814
815 814 816
817 815 816
816 818 817
819 820 821
820 822 821
819 821 277
278 819 277
823 822 820
823 824 822
824 825 822
825 824 826
827 825 826
828 827 826
829 828 826
830 828 829
831 830 829
830 831 832
831 833 832
832 833 834
833 835 834
834 835 836
835 837 836
836 837 838
837 839 838
838 839 840
839 841 840
842 840 841
843 842 841
844 842 843
845 844 843
844 845 846
845 847 846
848 846 847
849 848 847
849 850 848
850 849 851
852 850 851
853 852 851
851 854 853
854 855 853
854 856 855
856 857 855
856 858 857
858 859 857
858 860 859
860 861 859
862 861 860
863 862 860
862 863 864
863 865 864
322 864 865
323 322 865
865 863 866
867 865 866
323 865 867
867 866 868
869 868 866
870 869 866
866 863 870
863 860 870
871 867 868
330 323 867
867 871 330
871 331 330
871 872 331
872 333 331
872 871 873
871 868 873
873 874 872
874 875 872
872 875 333
875 874 876
877 875 876
877 876 820
819 877 820
339 877 819
278 339 819
875 340 333
339 340 877
340 875 877
820 876 878
820 878 879
823 820 879
879 880 823
880 824 823
824 880 881
826 824 881
826 881 882
829 826 882
831 829 882
883 831 882
833 831 883
884 833 883
835 833 884
885 835 884
837 835 885
886 837 885
839 837 886
887 839 886
841 839 887
888 841 887
843 841 888
889 843 888
884 890 885
886 885 890
891 886 890
886 891 887
883 892 884
893 892 883
893 894 892
895 894 893
894 895 896
897 894 896
898 894 897
894 898 892
899 898 897
900 895 893
892 898 901
898 902 901
901 902 890
898 899 902
895 900 903
900 904 903
880 904 900
904 880 879
905 904 879
881 880 900
905 879 878
906 905 878
878 907 906
876 907 878
876 874 907
874 908 907
874 873 908
873 909 908
909 873 868
869 909 868
907 910 906
907 908 910
906 910 911
910 912 911
910 913 912
908 913 910
908 909 913
913 914 912
915 911 912
916 915 912
916 912 914
914 913 917
917 909 869
909 917 913
918 914 917
919 917 869
917 919 918
920 914 918
920 916 914
921 920 918
919 922 918
921 918 922
923 922 919
924 923 919
919 869 924
923 924 925
924 926 925
924 870 926
870 927 926
927 870 860
858 927 860
927 858 856
928 927 856
926 927 929
927 928 929
929 930 926
930 925 926
923 925 931
932 923 931
923 932 922
869 870 924
930 933 925
933 931 925
933 930 934
935 933 934
935 934 936
937 935 936
933 938 931
938 939 931
931 939 932
938 940 939
940 938 941
938 942 941
938 933 942
933 935 942
943 941 942
944 943 942
942 935 944
935 937 944
940 945 939
944 946 943
946 947 943
946 944 948
944 937 948
949 939 945
950 949 945
951 949 950
952 951 950
952 953 951
953 954 951
953 955 954
955 956 954
956 955 957
958 956 957
951 954 959
954 921 959
954 956 921
957 960 958
960 961 958
961 960 962
963 961 962
961 963 915
963 964 915
965 963 962
966 965 962
965 966 967
965 967 896
968 965 896
965 968 963
968 964 963
964 968 903
969 964 903
903 904 969
904 905 969
969 905 906
911 969 906
969 911 964
911 915 964
966 970 967
967 970 971
970 972 971
973 971 972
974 973 972
975 973 974
973 975 976
899 973 976
973 899 971
977 975 974
978 975 977
979 978 977
978 979 980
979 981 980
978 982 975
982 976 975
982 983 976
983 902 976
899 976 902
983 982 984
982 985 984
980 985 978
985 982 978
986 985 980
987 986 980
980 981 987
902 983 890
984 891 983
891 890 983
988 986 987
988 989 986
989 990 986
984 985 990
985 986 990
990 989 991
992 990 991
891 984 992
984 990 992
992 991 888
887 992 888
891 992 887
993 988 987
993 987 994
995 993 994
993 995 996
995 997 996
988 993 998
993 996 998
999 995 994
995 999 997
1000 999 994
1000 994 981
981 994 987
1001 1000 981
1001 981 979
1002 1001 979
1002 979 977
1003 1002 977
1004 1003 977
974 1004 977
1005 1004 974
972 1005 974
1005 972 970
1006 1005 970
1006 970 966
1007 1006 966
1007 966 962
1008 1007 962
1008 962 960
1009 1008 960
1009 960 957
1010 1009 957
1010 957 955
1011 1010 955
955 953 1011
953 1012 1011
1013 1012 953
952 1013 953
1013 952 950
1014 1013 950
1015 1014 950
945 1015 950
1016 1015 945
940 1016 945
1017 1016 940
941 1017 940
1017 941 1018
941 943 1018
1019 1018 943
947 1019 943
1019 947 1020
947 997 1020
997 947 996
947 946 996
996 946 998
946 948 998
948 1021 998
948 937 1021
937 936 1021
1021 1022 998
998 1022 988
1022 989 988
1022 1023 989
1023 991 989
1023 889 991
889 888 991
999 1020 997
1024 889 1023
1024 845 889
845 843 889
1025 1024 1023
1025 1023 1022
1021 1025 1022
1025 1021 936
1026 1025 936
936 934 1026
934 1027 1026
1027 934 930
929 1027 930
1028 1027 929
1028 1026 1027
928 1028 929
1026 1028 1029
1025 1029 1024
1029 1025 1026
1029 847 1024
847 845 1024
1028 928 854
928 856 854
849 847 1029
1029 1030 849
1030 1029 1028
854 1030 1028
1030 851 849
851 1030 854
881 900 882
900 893 882
882 893 883
892 901 884
901 890 884
949 951 932
951 959 932
939 949 932
932 959 922
959 921 922
956 920 921
916 920 956
958 916 956
916 958 961
915 916 961
971 897 967
897 896 967
899 897 971
968 896 895
903 968 895
1031 1032 1033
1032 1034 1033
1033 1034 1035
1034 1036 1035
1037 1032 1031
1035 1036 1038
1036 1039 1038
1037 1031 1040
1041 1037 1040
1042 1041 1040
1042 1040 1043
1044 1042 1043
1045 1044 1043
1045 1043 1046
1047 1045 1046
1048 1047 1046
1048 1046 1049
1050 1048 1049
1051 1050 1049
1051 1049 1052
1053 1051 1052
1054 1053 1052
1055 1054 1052
1056 1054 1055
1057 1056 1055
1058 1057 1055
1059 1057 1058
1059 1058 1060
1061 1059 1060
1062 1061 1060
1063 1062 1060
1064 1062 1063
1065 1064 1063
1066 1064 1065
1039 1066 1065
1038 1039 1065
1065 1063 1067
1068 1065 1067
1038 1065 1068
1058 1055 1069
1060 1058 1069
1070 1060 1069
1067 1063 1070
1063 1060 1070
1071 1038 1068
1035 1038 1071
1072 1035 1071
1068 1067 1073
1072 1071 1073
1070 1069 1073
1071 1068 1073
1067 1070 1073
1074 1072 1073
1033 1035 1074
1033 1074 1075
1075 1074 1073
1031 1033 1075
1035 1076 1074
1031 1075 1077
1077 1075 1073
1040 1031 1077
1040 1077 1078
1078 1077 1073
1043 1040 1078
1046 1043 1078
1079 1046 1078
1079 1078 1073
1049 1046 1079
1080 1049 1079
1080 1079 1073
1052 1049 1080
1081 1052 1080
1081 1080 1073
1052 1081 1082
1055 1052 1082
1055 1082 1069
1082 1081 1073
1069 1082 1073
