byte offset: 0
first index: 0
index count: 4134
topology: trianglelist
format: DXGI_FORMAT_R16_UINT

0 1 2
0 2 3
3 2 4
3 4 5
6 5 4
6 4 7
7 4 8
2 8 4
7 8 9
9 8 10
9 10 11
12 11 10
12 10 13
14 13 10
14 10 15
8 15 10
16 14 15
16 15 17
18 14 16
18 19 14
19 13 14
20 12 13
20 13 21
19 21 13
15 22 17
15 23 22
8 23 15
22 23 2
22 2 1
2 23 8
24 25 26
24 26 27
27 26 28
27 28 29
30 29 28
30 28 31
32 33 34
32 34 35
33 36 34
33 37 36
38 36 37
38 39 36
39 40 36
34 36 40
39 41 40
41 42 40
41 43 42
44 42 43
44 45 42
46 42 45
46 47 42
40 42 47
48 47 46
48 49 47
50 48 46
50 46 51
51 46 45
52 45 44
52 53 45
51 45 53
47 49 54
47 54 55
40 47 55
54 34 55
54 35 34
34 40 55
56 57 58
56 58 59
57 60 58
57 61 60
62 60 61
62 63 60
64 65 66
64 66 67
66 68 67
66 69 68
70 65 64
70 71 65
72 71 70
72 73 71
74 73 72
74 75 73
70 64 76
70 76 77
76 78 77
76 79 78
78 80 77
80 72 70
80 70 77
78 81 80
82 79 76
64 67 82
64 82 76
82 83 79
84 74 72
81 85 84
81 84 86
84 72 86
67 87 82
87 83 82
67 68 87
87 88 83
89 90 91
89 91 92
92 91 93
92 93 94
93 95 94
93 96 95
97 98 99
97 99 100
99 98 101
99 101 102
103 97 100
103 100 104
105 103 104
105 104 106
107 105 106
107 106 108
103 109 97
103 110 109
109 110 111
109 111 112
111 110 113
113 110 103
113 103 105
111 113 114
115 109 112
97 109 115
97 115 98
115 112 116
117 105 107
114 118 117
117 118 105
114 117 119
98 115 120
120 115 116
98 120 101
120 116 121
122 123 124
122 124 125
123 126 124
123 127 126
126 127 128
126 128 129
130 131 132
130 132 133
134 133 132
134 135 133
131 130 136
131 136 137
130 133 138
130 138 136
133 135 139
133 139 138
140 131 137
140 137 141
141 142 140
141 143 142
144 142 143
142 144 145
142 145 146
146 140 142
147 146 145
147 148 146
144 149 145
144 150 149
149 150 151
149 151 152
153 149 152
153 147 145
153 145 149
153 152 154
150 144 155
150 155 151
144 143 155
147 156 148
147 157 156
158 156 157
158 157 159
159 157 160
159 160 161
160 162 161
160 163 162
164 163 160
164 160 157
164 165 163
161 162 166
161 166 159
164 157 147
159 166 167
159 167 158
158 167 168
158 168 169
158 169 170
158 170 156
170 148 156
170 171 148
148 171 172
148 172 146
146 172 140
131 140 172
131 172 132
171 132 172
171 134 132
170 134 171
170 173 134
134 173 174
175 174 173
175 173 176
176 173 170
176 170 169
168 176 169
134 174 177
176 178 175
176 179 178
175 178 180
175 180 174
174 180 181
174 181 177
168 179 176
182 181 183
182 183 184
184 183 185
184 185 186
187 184 186
187 186 188
189 187 188
189 190 187
190 182 184
190 184 187
191 188 186
191 186 192
185 192 186
193 191 192
193 192 194
195 193 194
196 193 195
196 197 193
195 194 198
199 195 198
199 200 195
201 199 198
201 198 202
203 200 199
203 204 200
204 196 195
204 195 200
154 203 199
154 199 201
205 202 198
205 198 194
192 205 194
205 206 202
207 202 206
207 206 208
208 206 209
208 209 210
211 208 210
211 210 212
212 210 209
165 207 208
165 208 211
209 206 213
205 213 206
209 213 214
215 209 214
212 209 215
215 214 216
214 217 216
214 218 217
213 218 214
213 219 218
220 219 213
220 213 205
192 220 205
218 221 217
218 222 221
219 222 218
221 222 223
223 222 224
219 224 222
223 224 225
225 224 226
226 224 219
226 219 220
225 226 227
221 223 228
228 223 225
228 225 229
229 225 227
229 227 181
185 220 192
230 191 193
230 193 197
230 188 191
230 189 188
231 232 233
231 233 234
234 235 231
234 236 235
236 237 235
236 238 237
239 238 236
239 240 238
241 240 239
241 242 240
243 240 242
243 244 240
240 244 245
240 245 238
235 237 246
235 246 247
244 248 245
249 245 248
249 237 238
249 238 245
246 237 249
249 248 250
250 248 251
250 251 252
252 251 253
251 254 253
251 255 254
248 255 251
253 254 256
253 256 257
257 258 253
252 253 258
257 259 258
259 260 258
259 261 260
258 260 262
258 262 252
263 256 254
263 254 264
255 264 254
255 265 264
264 266 263
264 267 266
267 264 265
267 268 266
267 269 268
270 269 267
267 265 270
270 271 269
272 270 265
272 273 270
273 271 270
268 269 274
268 274 275
273 276 271
269 271 276
269 276 274
277 266 268
277 263 266
277 268 278
275 278 268
277 279 263
279 256 263
279 280 256
280 257 256
280 281 257
281 259 257
281 282 259
275 283 278
282 261 259
282 284 261
285 261 284
261 285 286
261 286 260
260 286 287
286 288 287
286 289 288
289 286 285
260 287 262
262 287 290
262 290 291
291 252 262
291 250 252
292 250 291
292 249 250
246 249 292
293 292 291
293 291 290
294 293 290
294 290 295
295 290 287
295 287 288
296 293 294
296 297 293
297 246 292
297 292 293
298 246 297
298 247 246
294 295 299
300 299 295
301 299 300
301 302 299
302 301 303
304 303 301
305 303 304
305 306 303
304 301 307
300 307 301
308 305 304
308 304 309
309 304 307
309 310 308
311 308 310
311 305 308
311 310 312
309 313 310
314 310 313
314 312 310
314 313 315
316 312 314
316 317 312
311 312 317
309 307 318
318 313 309
311 319 305
306 305 319
320 319 311
319 320 321
319 321 322
320 311 323
311 317 323
324 322 321
324 321 325
326 324 325
326 325 327
328 326 327
328 327 329
326 328 330
326 330 331
331 324 326
332 328 329
332 329 333
331 330 334
335 334 330
335 330 336
328 332 336
328 336 330
334 335 337
334 337 338
339 334 338
331 334 339
339 338 340
341 338 337
341 342 338
342 340 338
340 343 339
340 302 343
302 303 343
306 343 303
306 344 343
339 343 344
339 344 331
337 335 345
337 345 346
346 345 347
345 348 347
345 349 348
346 347 350
349 345 335
349 335 336
351 349 336
351 336 332
352 351 332
351 352 353
351 353 354
354 348 349
354 349 351
352 332 333
331 344 324
355 353 352
355 356 353
352 333 357
352 357 355
357 333 358
357 358 359
359 358 360
359 360 361
361 362 359
361 363 362
363 364 362
365 362 364
365 366 362
355 357 366
359 362 366
359 366 357
364 367 365
364 368 367
369 368 364
363 369 364
369 370 368
371 367 368
371 368 372
372 368 370
361 360 325
361 325 373
363 361 373
373 325 321
373 321 374
375 374 321
375 321 320
320 376 375
320 323 376
376 377 375
376 378 377
376 379 378
376 380 379
381 378 379
381 379 382
383 382 379
383 379 380
383 384 382
316 383 380
316 380 317
376 323 317
376 317 380
378 381 385
378 385 377
377 385 386
377 386 387
385 388 386
385 389 388
381 389 385
381 390 389
390 381 382
391 386 388
388 392 391
388 393 392
393 388 389
391 394 386
387 386 394
395 389 390
393 389 395
395 390 396
387 394 397
370 394 391
370 369 394
369 397 394
369 363 397
374 387 397
387 374 375
387 375 377
374 397 373
363 373 397
393 398 392
393 399 398
399 393 395
400 370 391
400 391 392
395 396 401
395 401 402
403 399 402
403 404 399
398 399 404
405 404 403
406 405 403
407 405 406
407 408 405
409 408 407
409 410 408
410 409 411
410 411 412
413 410 412
413 412 414
415 408 410
415 410 413
408 415 416
408 416 405
405 416 404
417 415 413
417 413 418
418 413 414
419 417 418
419 418 420
421 412 411
421 422 412
414 412 422
414 422 423
422 421 424
422 424 425
425 423 422
425 424 426
425 426 427
428 425 427
425 428 423
428 427 429
430 423 428
430 428 431
431 428 429
426 274 427
426 275 274
432 420 418
433 420 432
243 433 432
243 434 433
241 433 434
241 435 433
433 436 420
435 436 433
435 437 436
437 438 436
437 439 438
439 440 438
439 441 440
432 418 442
418 414 442
419 420 436
419 436 438
440 419 438
440 443 419
443 417 419
443 444 417
444 415 417
444 416 415
445 437 435
445 446 437
446 445 447
445 448 447
445 449 448
450 448 449
450 451 448
239 450 449
450 239 236
450 236 234
234 451 450
239 449 241
234 233 451
435 241 449
435 449 445
446 447 452
416 444 453
454 453 444
455 453 454
455 398 453
456 455 454
456 454 457
454 444 443
457 454 443
457 443 440
458 457 440
458 440 441
455 392 398
455 400 392
456 400 455
456 372 400
372 456 459
459 456 457
459 457 458
372 459 371
372 370 400
398 404 453
416 453 404
460 461 462
460 462 463
461 460 464
461 464 465
466 461 465
466 465 467
468 467 465
468 469 467
469 470 467
469 471 470
461 466 472
461 472 462
473 472 466
473 466 474
475 462 472
475 476 462
476 463 462
477 475 472
477 472 473
475 477 478
475 478 479
476 475 479
479 478 480
479 480 481
482 481 480
482 480 483
484 481 482
485 484 482
484 485 486
484 486 487
485 482 488
483 488 482
484 489 481
487 489 484
485 490 486
485 491 490
488 491 485
488 492 491
493 492 488
483 493 488
493 494 492
494 495 492
494 496 495
487 497 489
498 497 487
498 499 497
500 499 498
498 501 500
498 502 501
487 502 498
500 503 499
499 504 497
489 497 504
499 505 504
503 505 499
503 506 505
507 505 506
507 504 505
507 506 508
508 509 507
510 507 509
507 510 504
510 511 504
510 476 511
510 509 463
476 510 463
476 479 511
481 511 479
481 489 511
489 504 511
508 512 509
512 513 509
513 463 509
512 514 513
514 515 513
460 513 515
513 460 463
460 515 464
514 516 515
516 517 515
517 464 515
516 518 517
517 518 519
517 519 520
520 521 517
517 521 464
521 465 464
521 468 465
522 468 521
520 522 521
522 523 468
523 469 468
523 524 469
524 471 469
524 525 471
526 471 525
526 525 527
471 526 528
526 529 528
526 530 529
527 530 526
471 528 470
531 470 528
531 528 532
529 532 528
533 531 532
474 531 533
474 466 531
533 532 534
531 466 467
531 467 470
527 535 530
536 527 525
536 537 527
537 535 527
529 530 538
529 538 539
540 529 539
534 532 540
529 540 532
540 539 541
542 540 541
534 540 542
542 541 543
543 541 544
543 544 545
546 544 541
546 541 539
544 546 547
544 547 548
548 545 544
549 546 539
549 539 538
538 550 549
551 549 550
550 552 551
550 553 552
551 554 549
554 547 546
554 546 549
555 553 550
538 555 550
555 538 530
555 530 535
556 555 535
537 556 535
556 557 555
555 557 553
551 552 558
551 558 559
559 554 551
560 559 558
560 561 559
562 561 560
562 563 561
564 563 562
564 565 563
563 565 566
565 567 566
568 566 567
568 569 566
565 570 567
318 567 570
318 570 571
572 571 570
572 570 565
572 565 564
318 573 567
568 567 573
574 573 318
574 318 307
300 574 307
574 575 573
568 573 575
575 576 568
576 569 568
575 285 576
285 284 576
577 576 284
576 577 569
577 284 578
579 577 578
579 569 577
579 578 580
579 580 581
579 581 582
574 289 575
289 285 575
583 579 582
579 583 569
583 582 584
582 581 585
582 585 586
584 582 586
586 585 587
586 587 548
588 569 583
588 583 584
588 566 569
563 566 588
589 563 588
588 584 589
590 589 584
584 586 590
548 590 586
590 591 589
589 561 563
561 589 591
561 591 559
559 591 554
547 554 591
547 591 590
548 547 590
548 587 545
592 593 594
592 594 595
593 502 594
593 501 502
594 502 486
594 486 490
490 595 594
490 596 595
491 596 490
491 597 596
492 597 491
492 495 597
487 486 502
592 595 598
592 598 599
599 598 600
599 600 601
602 601 600
602 603 601
603 602 604
602 605 604
602 606 605
606 602 600
606 607 605
606 608 607
608 606 609
598 609 600
606 600 609
608 609 610
610 611 608
610 612 611
608 611 613
608 613 607
611 614 613
615 613 614
615 614 616
617 615 616
617 616 618
611 619 614
619 611 612
610 609 620
610 620 621
612 610 621
612 621 622
623 612 622
619 612 623
623 622 624
624 622 495
624 495 496
618 625 617
617 625 626
617 626 627
627 615 617
618 628 625
628 629 625
628 630 629
631 626 625
631 625 629
632 626 631
632 633 626
627 626 633
631 634 632
631 635 634
629 635 631
629 636 635
637 635 636
637 636 638
638 636 639
638 639 640
632 634 641
632 641 642
642 633 632
643 634 635
643 635 637
640 639 644
640 644 645
645 646 640
645 647 646
645 644 648
645 648 649
647 645 649
650 644 639
650 639 636
650 651 644
648 644 651
652 651 650
630 652 650
630 650 629
652 653 651
650 636 629
647 649 654
655 646 647
655 647 656
656 647 654
648 657 649
648 658 657
659 658 648
653 659 651
648 651 659
659 660 658
661 660 659
653 661 659
661 662 660
662 663 660
662 664 663
665 658 660
665 660 663
663 666 665
663 667 666
667 663 664
668 657 658
668 658 665
657 668 669
670 669 668
669 670 671
669 671 672
670 668 673
673 668 665
673 665 666
674 669 672
657 669 674
674 649 657
674 654 649
675 654 674
656 654 675
675 674 676
674 672 676
670 677 671
670 678 677
678 670 673
679 677 678
679 678 680
681 679 680
681 680 682
683 681 682
683 682 684
682 685 684
684 685 686
687 686 685
687 685 688
684 686 689
390 689 686
390 690 689
691 689 690
691 683 684
691 684 689
390 686 396
687 396 686
682 692 685
692 688 685
693 692 682
693 682 680
694 687 688
401 687 694
687 401 396
401 694 695
695 694 696
697 696 694
694 688 697
697 698 696
699 698 697
699 697 688
699 700 698
699 701 700
699 702 701
695 696 406
406 403 695
703 702 699
699 688 703
692 703 688
703 704 702
705 704 693
705 693 706
702 707 701
702 708 707
704 705 708
704 708 702
708 709 707
708 667 709
667 708 705
680 706 693
680 678 706
678 673 706
692 693 704
692 704 703
666 705 706
666 706 673
667 705 666
667 664 709
248 710 255
244 710 248
710 711 255
711 265 255
711 272 265
710 712 711
244 712 710
244 243 712
432 712 243
432 442 712
442 713 712
442 414 713
713 414 423
713 423 430
306 319 322
322 344 306
322 324 344
300 295 288
288 574 300
288 289 574
714 299 302
714 302 340
342 714 340
294 299 714
296 294 714
296 714 342
342 715 296
342 341 715
715 297 296
715 298 297
716 524 523
716 523 717
525 524 716
525 716 536
523 718 717
523 522 718
522 719 718
522 520 719
520 720 719
520 519 720
318 571 313
571 315 313
571 572 315
721 722 723
721 723 627
627 723 615
613 615 723
613 723 607
607 723 722
607 722 605
604 605 722
604 722 724
627 633 721
721 633 725
721 725 726
726 724 722
726 722 721
726 727 724
726 728 727
728 726 725
729 604 724
729 724 727
603 604 729
728 725 730
730 725 642
642 725 633
730 642 731
731 642 641
731 641 732
732 641 733
732 733 734
733 735 734
733 736 735
736 733 643
736 643 737
737 643 637
737 637 738
738 637 638
738 638 739
739 638 640
739 640 646
733 641 634
733 634 643
740 738 739
646 740 739
740 741 738
646 655 740
736 742 735
736 743 742
737 743 736
737 744 743
738 741 744
738 744 737
745 746 747
745 747 748
749 746 745
749 750 746
367 749 745
367 745 365
748 365 745
748 366 365
355 366 748
356 355 748
356 748 747
598 620 609
620 598 595
620 595 596
621 620 596
621 596 597
622 621 597
622 597 495
431 429 276
427 276 429
427 274 276
751 752 426
751 426 424
751 424 421
751 421 753
753 421 411
753 411 754
754 411 409
754 409 755
755 409 407
755 407 756
275 426 752
275 752 283
756 407 406
756 406 696
399 395 402
402 401 695
402 695 403
390 382 690
690 382 384
690 384 691
757 758 759
757 759 760
761 762 763
761 763 764
765 766 767
765 767 768
769 770 771
769 771 772
773 774 775
773 775 776
777 778 779
777 779 780
781 782 783
781 783 784
785 786 787
785 787 788
789 790 791
789 791 792
793 794 795
793 795 796
797 798 799
797 799 800
801 802 803
801 803 804
805 806 807
805 807 808
809 810 811
809 811 812
813 814 815
813 815 816
817 818 819
817 819 820
821 822 823
821 823 824
825 826 827
825 827 828
829 830 831
829 831 832
833 834 835
833 835 836
837 838 839
837 839 840
841 842 843
841 843 844
845 846 847
845 847 848
848 847 849
848 849 850
850 849 851
850 851 852
853 846 845
853 854 846
847 846 855
847 855 856
849 847 856
856 855 857
856 857 858
859 856 858
851 849 859
849 856 859
859 858 860
861 859 860
851 859 861
861 860 862
855 863 857
855 864 863
864 865 863
864 866 865
854 866 864
866 867 865
854 868 866
868 867 866
846 854 864
846 864 855
868 869 867
870 869 868
871 869 870
871 872 869
870 868 873
874 872 871
874 875 872
876 875 874
876 877 875
878 877 876
878 879 877
880 879 878
880 881 879
882 881 880
882 883 881
875 877 884
875 884 885
872 875 885
885 884 886
885 886 887
884 888 886
884 889 888
877 879 889
877 889 884
889 890 888
889 891 890
879 881 891
879 891 889
891 862 890
891 892 862
881 883 892
881 892 891
893 885 887
893 887 894
867 893 894
869 893 867
869 872 893
872 885 893
895 896 897
895 897 898
899 896 895
899 900 896
901 900 899
901 902 900
898 897 903
898 903 904
903 905 904
903 906 905
896 907 897
896 908 907
900 908 896
908 909 907
908 910 909
911 910 908
902 911 900
900 911 908
911 912 910
913 912 911
902 913 911
913 914 912
907 909 915
907 915 916
916 915 917
916 917 918
903 916 918
903 918 906
918 917 919
906 918 919
897 907 916
897 916 903
906 919 920
920 919 921
919 922 921
921 922 923
921 923 924
924 923 925
924 925 926
926 925 927
926 927 928
928 927 929
928 929 930
930 929 914
930 914 931
932 924 926
932 926 933
933 926 928
934 932 933
934 935 932
936 934 933
936 933 937
933 928 937
937 928 930
938 936 937
938 937 939
939 930 931
937 930 939
940 938 939
940 939 941
939 931 941
935 942 932
935 943 942
943 920 942
943 944 920
944 906 920
944 945 906
920 921 942
942 921 924
942 924 932
946 868 854
946 854 853
