byte offset: 0
first index: 0
index count: 3840
topology: trianglelist
format: DXGI_FORMAT_R16_UINT

0 1 2
1 3 2
4 2 3
2 4 5
6 2 5
0 2 6
5 4 7
4 8 7
8 4 9
9 4 3
10 8 9
9 11 10
11 12 10
13 8 10
14 13 10
14 10 12
13 15 8
15 7 8
1 0 16
17 14 12
3 18 9
18 11 9
18 3 19
12 20 17
20 21 17
21 20 22
20 23 22
20 12 24
12 25 24
12 11 25
24 25 26
25 27 26
23 20 28
20 24 28
26 29 24
29 28 24
18 19 30
30 19 31
30 31 32
33 30 32
32 31 34
34 35 32
35 36 32
32 36 33
31 37 34
31 38 37
38 39 37
38 16 39
16 40 39
40 16 41
42 40 41
41 43 42
43 44 42
39 40 45
40 46 45
47 45 46
48 47 46
47 48 49
48 50 49
0 41 16
50 51 49
51 52 49
51 53 52
53 54 52
53 55 54
55 56 54
55 57 56
57 58 56
57 59 58
59 60 58
59 61 60
61 62 60
61 63 62
63 64 62
63 65 64
65 66 64
67 56 58
68 67 58
58 60 68
60 69 68
69 60 62
67 70 56
71 70 67
71 72 70
71 73 72
73 74 72
72 74 75
76 72 75
72 76 77
72 77 70
76 78 77
79 71 67
79 67 68
73 71 79
78 76 80
81 78 80
81 47 78
47 81 45
81 82 45
81 80 82
47 49 78
45 82 39
82 37 39
80 83 82
82 83 37
84 83 80
85 84 80
75 85 76
85 80 76
86 85 75
87 86 75
78 49 52
83 34 37
34 83 84
88 86 87
88 89 86
89 90 86
84 85 90
85 86 90
91 90 89
92 91 89
84 90 35
90 91 35
35 34 84
93 88 87
93 87 94
95 93 94
94 96 95
96 97 95
96 98 97
98 96 99
96 73 99
73 96 94
98 100 97
101 100 98
102 101 98
101 102 103
104 101 103
91 92 105
92 106 105
107 105 106
108 107 106
108 109 107
109 110 107
111 110 109
112 111 109
111 113 110
113 114 110
107 110 114
111 112 115
116 111 115
111 116 113
116 115 117
118 116 117
117 119 118
119 120 118
120 119 121
122 120 121
121 123 122
123 124 122
118 120 125
120 126 125
126 120 122
124 123 127
123 128 127
127 129 124
129 130 124
122 124 130
131 122 130
131 126 122
130 132 131
132 133 131
126 131 133
29 126 133
125 126 26
126 29 26
26 27 125
27 134 125
129 135 130
135 132 130
118 125 134
116 118 134
116 134 113
113 134 136
134 27 136
136 27 137
138 136 137
139 138 137
33 138 139
30 33 139
137 11 139
11 18 139
139 18 30
33 140 138
140 114 138
113 136 114
136 138 114
36 140 33
11 137 25
27 25 137
140 107 114
36 105 140
105 107 140
105 36 91
36 35 91
141 0 6
0 141 41
141 43 41
142 141 6
143 142 6
144 142 143
145 144 143
143 6 5
146 143 5
143 146 145
146 5 7
147 146 7
146 147 148
146 148 145
147 149 148
150 148 149
151 150 149
147 152 149
152 153 149
149 153 151
7 15 147
15 152 147
142 144 154
155 142 154
155 154 156
157 155 156
43 155 157
44 43 157
153 158 151
156 154 159
156 159 160
161 156 160
160 162 161
162 163 161
163 162 164
165 163 164
166 165 164
167 166 164
168 166 167
169 168 167
170 168 169
171 170 169
172 170 171
173 172 171
174 172 173
175 174 173
176 174 175
177 176 175
178 176 177
179 178 177
180 178 179
181 180 179
171 182 173
182 183 173
175 173 183
184 175 183
175 184 177
169 185 171
185 182 171
185 186 182
187 186 185
186 187 188
187 189 188
189 187 190
187 191 190
191 187 192
192 187 185
193 191 192
186 194 182
182 194 183
186 188 194
191 193 195
193 196 195
162 196 193
196 162 160
197 196 160
195 196 197
164 162 193
197 160 159
198 197 159
159 199 198
154 199 159
154 144 199
144 200 199
144 145 200
145 201 200
201 145 148
150 201 148
199 202 198
199 200 202
198 202 203
202 204 203
202 205 204
200 205 202
200 201 205
205 206 204
207 203 204
208 207 204
208 204 206
206 205 209
209 201 150
201 209 205
210 206 209
211 209 150
209 211 210
212 206 210
212 208 206
213 212 210
211 214 210
213 210 214
215 214 211
216 215 211
211 150 216
215 216 217
216 218 217
216 151 218
151 219 218
219 151 158
220 219 158
219 220 221
222 219 221
218 219 223
219 222 223
223 224 218
224 217 218
215 217 225
226 215 225
215 226 214
150 151 216
224 227 217
227 225 217
227 224 228
229 227 228
229 228 230
231 229 230
227 232 225
232 233 225
225 233 226
232 234 233
234 232 235
232 236 235
229 231 236
232 227 236
227 229 236
237 235 236
238 237 236
231 238 236
234 239 233
238 240 237
240 241 237
240 238 242
238 231 242
243 233 239
244 243 239
245 243 244
246 245 244
246 247 245
247 248 245
249 248 247
250 249 247
249 250 251
252 249 251
245 248 253
243 245 253
248 213 253
248 249 213
251 254 252
254 255 252
255 254 256
257 255 256
255 257 207
257 258 207
259 257 256
260 259 256
259 260 261
259 261 190
262 259 190
259 262 257
262 258 257
262 195 258
195 263 258
263 195 197
263 197 198
203 263 198
263 203 258
203 207 258
260 264 261
261 264 265
264 266 265
267 265 266
268 267 266
269 267 268
267 269 270
188 267 270
267 188 265
271 269 268
269 271 272
273 269 272
273 272 274
272 275 274
273 276 269
276 270 269
276 277 270
277 194 270
188 270 194
277 276 278
276 279 278
274 279 273
279 276 273
280 279 274
281 280 274
274 275 281
194 277 183
278 184 277
184 183 277
282 280 281
282 283 280
283 284 280
278 279 284
279 280 284
284 283 285
286 284 285
184 278 286
278 284 286
286 285 179
177 286 179
184 286 177
287 282 281
287 281 288
289 287 288
287 289 290
289 291 290
282 287 292
287 290 292
293 289 288
294 293 288
294 288 295
288 275 295
295 275 272
296 295 272
297 296 272
271 297 272
297 271 268
298 297 268
299 298 268
266 299 268
300 299 266
264 300 266
300 264 260
301 300 260
301 260 256
302 301 256
302 256 254
303 302 254
303 254 251
304 303 251
304 251 250
305 304 250
250 247 305
247 306 305
307 306 247
246 307 247
307 246 244
308 307 244
309 308 244
239 309 244
310 309 239
234 310 239
311 310 234
235 311 234
311 235 312
235 237 312
313 312 237
241 313 237
313 241 314
241 291 314
291 241 290
241 240 290
290 240 292
240 242 292
242 315 292
242 231 315
231 230 315
315 316 292
292 316 282
316 283 282
316 317 283
317 285 283
317 181 285
181 179 285
291 289 314
289 293 314
318 181 317
318 319 181
319 180 181
320 318 317
320 317 316
315 320 316
320 315 230
321 320 230
230 228 321
228 322 321
322 228 224
223 322 224
323 322 223
323 321 322
222 323 223
321 323 324
320 324 318
324 320 321
324 325 318
325 319 318
323 222 326
222 221 326
327 325 324
324 328 327
328 324 323
326 328 323
328 329 327
329 328 326
330 329 326
331 330 326
326 221 331
221 332 331
221 220 332
220 333 332
220 158 333
158 334 333
335 334 158
153 335 158
335 153 336
153 152 336
337 336 152
15 337 152
337 15 13
338 337 13
13 14 338
14 339 338
339 14 17
340 339 17
340 17 341
17 21 341
341 21 342
21 22 342
342 22 343
22 344 343
22 23 344
23 345 344
345 23 28
346 345 28
346 28 29
133 346 29
346 133 347
345 346 347
133 132 347
348 347 132
135 348 132
348 135 349
349 135 350
135 129 350
350 129 127
351 350 127
351 352 350
353 352 351
352 353 354
355 352 354
356 353 351
352 357 350
357 352 355
349 350 357
358 357 355
359 357 358
359 349 357
360 359 358
358 355 103
361 358 103
358 361 360
359 360 362
360 363 362
362 363 64
363 62 64
361 103 102
364 361 102
361 364 365
360 365 363
361 365 360
364 366 365
366 364 99
79 366 99
366 79 68
68 69 366
69 365 366
365 69 363
363 69 62
99 364 98
364 102 98
99 73 79
64 66 362
66 367 362
362 367 359
367 349 359
66 368 367
369 368 66
65 369 66
368 348 367
367 348 349
348 368 370
369 371 368
371 370 368
370 347 348
347 370 345
372 370 371
370 372 373
373 345 370
373 372 374
344 345 373
374 344 373
375 369 65
376 375 65
376 65 63
377 376 63
63 61 377
61 378 377
61 59 378
59 379 378
59 57 379
57 380 379
57 55 380
55 381 380
55 53 381
53 382 381
382 53 51
383 382 51
383 51 50
384 383 50
385 384 50
48 385 50
385 48 386
48 46 386
46 40 386
386 40 387
40 42 387
387 42 388
42 44 388
44 157 388
157 389 388
157 156 389
156 390 389
161 390 156
161 163 390
163 391 390
391 163 165
392 391 165
393 392 165
166 393 165
394 393 166
168 394 166
394 168 395
168 170 395
395 170 396
170 172 396
396 172 397
172 174 397
397 174 398
174 176 398
398 176 399
176 178 399
400 399 178
180 400 178
401 400 180
319 401 180
401 319 402
319 325 402
402 325 403
325 327 403
404 403 327
327 329 404
405 404 329
330 405 329
19 1 38
1 16 38
3 1 19
19 38 31
77 78 52
77 52 54
70 77 54
70 54 56
75 74 87
74 94 87
74 73 94
406 407 119
407 121 119
121 407 408
123 121 408
406 119 117
409 406 117
408 410 123
410 128 123
409 117 115
411 409 115
411 115 412
115 112 412
412 112 109
413 412 109
414 413 109
108 414 109
415 414 108
106 415 108
416 415 106
92 416 106
417 416 92
89 417 92
418 417 89
88 418 89
419 418 88
93 419 88
419 93 95
420 419 95
420 95 97
421 420 97
421 97 422
97 100 422
422 100 101
423 422 101
424 423 101
104 424 101
424 104 354
354 104 355
104 103 355
425 424 354
426 425 354
353 426 354
426 353 427
353 356 427
356 128 427
128 410 427
356 351 128
351 127 128
428 429 430
430 429 431
432 430 431
432 431 433
434 432 433
434 433 435
436 434 435
437 436 435
438 437 435
439 437 438
440 441 442
441 443 442
440 442 444
445 440 444
446 443 441
445 444 447
448 445 447
446 449 443
449 450 443
451 450 449
451 452 450
452 453 450
454 453 452
455 453 454
456 455 454
457 455 456
458 455 457
459 458 457
460 458 459
461 458 460
462 461 460
462 463 461
463 464 461
465 464 463
465 466 464
466 467 464
468 467 466
469 467 468
470 469 468
471 469 470
472 471 470
472 473 471
473 474 471
475 474 473
475 448 474
448 447 474
471 474 476
474 477 476
474 447 477
467 478 464
467 469 478
478 479 464
464 479 461
479 480 461
461 480 481
458 461 481
458 481 482
455 458 482
455 482 453
482 483 453
453 483 450
483 484 450
450 484 443
484 485 443
443 485 442
485 486 442
442 486 444
486 487 444
444 487 488
447 444 488
447 488 477
485 489 486
486 489 487
482 489 483
483 489 484
487 489 488
484 489 485
488 489 477
477 489 476
476 489 490
471 476 490
469 471 490
469 490 478
490 489 478
478 489 479
479 489 480
480 489 481
481 489 482
43 141 155
141 142 155
164 193 167
193 192 167
167 192 169
192 185 169
226 243 253
233 243 226
226 253 214
253 213 214
249 212 213
249 252 212
252 208 212
208 252 255
207 208 255
265 189 261
189 190 261
188 189 265
262 190 191
195 262 191
275 288 281
491 492 493
493 492 494
492 495 494
494 495 496
495 497 496
496 497 498
497 499 498
499 500 498
500 501 498
502 501 500
503 504 505
504 506 505
505 506 507
506 508 507
509 504 503
507 508 510
508 511 510
512 509 503
513 512 503
514 512 513
515 514 513
516 515 513
517 515 516
517 516 518
519 517 518
520 519 518
520 518 521
522 520 521
523 522 521
523 521 524
525 523 524
526 525 524
527 526 524
528 526 527
529 528 527
530 529 527
531 529 530
531 530 532
533 531 532
533 532 534
535 533 534
536 535 534
537 536 534
538 536 537
511 538 537
510 511 537
537 534 539
540 537 539
510 537 540
530 527 541
532 530 541
542 532 541
539 534 542
534 532 542
543 510 540
507 510 543
544 507 543
507 544 545
505 507 545
505 545 546
503 505 546
503 546 547
513 503 547
513 547 548
516 513 548
516 548 549
518 516 549
521 518 549
550 521 549
524 521 550
551 524 550
524 551 552
527 524 552
527 552 541
549 548 553
548 547 553
547 546 553
551 550 553
552 551 553
541 552 553
550 549 553
546 545 553
545 544 553
544 543 553
542 541 553
543 540 553
540 539 553
539 542 553
554 555 556
554 557 555
558 557 554
554 556 558
555 559 556
559 560 556
560 559 561
559 562 561
562 559 563
559 564 563
564 557 558
557 564 555
564 559 555
560 561 565
565 563 564
565 564 566
566 560 565
566 564 558
560 566 556
566 558 556
561 567 565
567 561 562
567 568 565
567 569 568
569 570 568
571 570 569
572 571 569
573 572 569
574 573 569
569 567 574
574 575 573
575 576 573
573 576 577
577 572 573
576 578 577
577 578 579
576 575 580
580 575 581
575 582 581
582 563 581
583 576 580
578 576 583
577 584 572
572 584 571
584 577 585
577 579 585
574 586 575
586 582 575
567 586 574
586 567 562
586 562 582
562 563 582
584 585 587
585 588 587
584 587 589
590 589 579
591 590 579
591 579 592
591 592 593
594 591 593
595 594 593
596 595 593
594 595 597
597 595 598
595 599 598
596 599 595
598 599 600
598 600 601
600 602 601
600 603 602
603 604 602
602 605 601
605 602 604
605 606 601
606 607 601
607 599 596
599 607 606
607 608 601
601 608 598
608 597 598
599 609 600
600 609 603
605 609 606
609 599 606
610 605 604
609 611 603
610 611 605
611 609 605
604 603 612
612 610 604
603 611 612
611 610 612
607 613 608
613 614 608
608 614 615
608 615 616
615 617 616
614 618 615
618 614 619
620 618 619
619 614 621
614 613 621
620 619 622
619 621 622
616 617 623
624 616 623
616 624 597
624 625 597
625 624 626
624 627 626
628 626 627
627 590 628
627 624 629
624 623 629
627 629 630
584 627 630
625 594 597
625 626 594
584 630 571
626 628 631
632 626 631
631 628 633
628 590 633
626 591 594
591 626 634
633 590 634
590 591 634
626 632 634
634 632 635
632 631 635
636 634 635
634 636 633
636 635 637
635 638 637
631 638 635
631 633 638
638 639 637
639 636 637
633 639 638
636 639 633
590 627 589
627 584 589
587 640 589
640 641 589
641 579 589
585 579 641
588 585 641
587 642 640
587 588 642
642 643 640
644 643 642
644 645 643
643 645 640
645 641 640
641 645 588
642 646 644
646 645 644
588 646 642
645 646 588
592 579 647
647 579 578
578 583 647
568 581 565
565 581 563
616 597 608
648 649 650
648 650 651
652 648 651
648 652 649
653 650 649
654 653 649
653 654 655
656 653 655
656 657 653
657 658 653
652 651 658
651 650 658
650 653 658
655 654 659
659 658 657
659 660 658
654 660 659
660 652 658
654 649 660
649 652 660
661 655 659
656 655 661
662 661 659
663 661 662
664 663 662
663 664 665
666 663 665
666 667 663
667 668 663
661 663 668
668 667 669
667 670 669
667 671 670
671 667 666
671 672 670
671 673 672
669 670 674
669 674 675
676 669 675
676 675 657
670 677 674
672 677 670
671 666 678
678 666 665
678 679 671
671 679 673
676 680 669
680 668 669
680 661 668
680 656 661
657 656 676
656 680 676
678 681 679
681 682 679
681 678 683
683 684 673
684 685 673
685 686 673
687 686 685
688 687 685
688 689 687
689 690 687
686 691 673
692 689 688
692 693 689
693 694 689
690 689 694
693 695 694
693 696 695
696 697 695
695 697 698
697 699 698
697 696 700
699 697 700
696 701 700
701 696 702
702 690 694
694 701 702
696 703 702
692 703 693
703 696 693
695 704 694
695 698 704
694 704 701
704 700 701
705 699 700
698 706 704
704 706 700
706 705 700
699 707 698
707 699 705
698 707 706
706 707 705
702 703 708
703 709 708
703 710 709
703 711 710
711 712 710
710 713 709
709 713 714
713 715 714
708 709 716
709 714 716
715 717 714
714 717 716
712 711 718
711 719 718
719 711 692
720 719 692
719 720 721
722 719 721
723 722 721
722 723 684
718 719 724
719 722 724
724 722 725
722 678 725
720 692 688
721 720 688
725 678 665
723 721 726
721 727 726
684 723 728
723 726 728
685 721 688
685 729 721
685 684 729
684 728 729
721 729 727
727 729 730
727 730 726
729 731 730
729 728 731
731 732 730
730 732 733
730 733 726
726 733 728
733 732 734
734 732 731
733 734 728
728 734 731
684 683 722
683 678 722
735 681 683
735 683 736
683 673 736
673 679 736
679 682 736
737 681 735
681 737 682
738 737 735
739 737 738
739 738 740
738 735 740
735 736 740
736 682 740
737 739 741
741 739 740
737 741 682
682 741 740
691 672 673
672 691 677
662 659 675
659 657 675
711 703 692
371 369 742
369 375 742
742 743 371
743 372 371
372 743 744
744 374 372
744 745 374
745 746 374
344 374 746
343 344 746
