byte offset: 0
first index: 0
index count: 4554
topology: trianglelist
format: DXGI_FORMAT_R16_UINT

0 1 2
0 2 3
4 0 5
4 5 6
7 4 8
7 8 9
10 11 7
10 12 11
11 13 14
1 15 16
1 16 17
15 18 19
15 19 20
18 21 22
18 22 23
21 24 25
21 25 26
24 27 28
29 28 27
29 27 30
24 28 31
32 33 34
35 36 34
35 34 37
38 39 37
38 37 40
41 42 40
41 40 43
44 45 43
44 43 46
47 48 46
47 46 49
50 51 49
50 49 52
53 54 52
53 52 55
55 56 57
55 57 58
59 60 56
61 62 63
61 63 64
65 66 61
65 67 66
68 69 65
68 70 69
71 68 72
71 72 73
72 74 75
64 76 77
64 77 78
78 79 80
78 80 81
81 82 83
81 83 84
84 85 86
84 86 87
87 88 89
87 89 90
91 90 89
91 92 90
93 94 95
96 97 94
96 94 98
99 100 97
99 97 101
102 103 100
102 100 104
105 106 103
105 103 107
108 109 106
108 106 110
111 112 109
111 109 113
114 115 112
114 112 116
115 117 118
115 118 119
120 119 121
122 123 124
122 124 125
123 126 124
123 127 126
128 122 125
129 128 125
129 125 130
130 131 129
130 132 131
133 131 132
133 134 131
135 134 133
135 136 134
136 135 137
136 137 138
138 137 139
138 139 140
140 139 141
140 141 142
142 141 143
142 143 144
144 143 145
144 145 146
147 146 145
147 148 146
149 148 147
149 150 148
150 149 151
150 151 152
152 151 153
152 153 154
155 154 153
154 155 156
157 156 155
157 158 156
159 156 158
159 160 156
161 160 159
161 159 162
163 161 162
163 162 164
165 163 164
165 164 166
167 163 165
167 161 163
167 165 168
169 168 165
169 170 168
171 168 170
171 170 172
173 172 170
173 174 172
175 173 170
175 170 169
169 176 175
169 177 176
177 169 178
177 178 166
179 175 176
179 180 175
180 173 175
180 181 173
174 173 181
174 181 182
183 174 182
183 182 184
174 183 185
174 185 172
186 185 183
186 183 187
187 183 184
187 188 186
187 189 188
123 188 189
123 122 188
190 123 189
190 127 123
187 184 191
191 190 189
191 189 187
188 122 192
122 193 192
122 128 193
194 193 128
194 128 129
129 195 194
129 131 195
134 195 131
134 196 195
136 196 134
136 197 196
138 197 136
138 198 197
140 198 138
140 199 198
142 199 140
142 200 199
144 200 142
144 201 200
146 201 144
146 202 201
148 202 146
148 203 202
204 198 199
204 199 205
200 205 199
200 206 205
206 200 201
207 197 198
207 198 204
208 207 204
209 207 208
208 210 209
209 210 211
209 211 212
208 213 210
212 214 209
209 214 207
214 197 207
212 215 214
208 204 216
216 204 205
213 208 216
215 212 217
215 217 218
194 215 218
218 193 194
218 219 193
217 219 218
194 195 215
219 192 193
219 220 192
221 192 220
188 192 221
186 188 221
186 221 222
185 186 222
185 222 223
223 172 185
223 171 172
221 220 224
222 221 224
224 220 225
224 225 226
227 224 226
222 224 227
223 222 227
227 226 228
229 226 225
229 230 226
230 228 226
228 231 227
223 227 231
228 232 231
233 171 223
233 223 231
234 232 228
230 234 228
234 235 232
231 232 236
231 236 233
237 233 236
237 238 233
171 233 238
238 237 239
238 239 240
168 238 240
168 240 167
241 240 239
241 242 240
167 240 242
237 243 239
237 244 243
244 237 236
171 238 168
245 241 239
245 239 243
245 246 241
245 247 246
248 245 243
248 243 249
249 243 244
250 248 249
248 250 251
248 251 252
245 248 252
245 252 247
253 252 251
253 254 252
247 252 254
250 249 255
254 253 256
254 256 257
257 258 254
247 254 258
257 259 258
260 255 249
260 261 255
262 261 260
262 263 261
263 262 264
263 264 265
266 265 264
266 264 267
267 268 266
267 269 268
262 235 264
267 264 235
262 270 235
260 270 262
271 268 269
271 269 272
272 273 271
272 274 273
274 272 229
274 229 275
276 273 274
276 274 277
278 277 274
278 274 275
278 275 279
278 279 217
217 279 219
279 220 219
279 225 220
225 279 275
225 275 229
278 217 212
278 212 211
280 278 211
280 211 281
276 280 281
276 281 282
282 281 283
282 283 284
285 284 283
285 286 284
287 286 285
285 288 287
285 213 288
213 285 283
287 289 286
290 289 287
290 291 289
291 290 292
291 292 293
294 290 287
294 287 288
295 294 288
294 295 296
294 296 297
297 292 290
297 290 294
298 292 297
298 299 292
206 296 295
206 295 205
300 299 298
301 300 298
301 298 302
297 296 302
297 302 298
302 303 301
302 304 303
296 206 304
296 304 302
304 202 303
304 201 202
206 201 304
300 305 299
305 306 299
305 307 306
308 306 307
308 309 306
309 293 306
293 292 306
309 310 293
310 291 293
310 311 291
312 291 311
312 289 291
313 289 312
313 286 289
314 286 313
314 284 286
315 284 314
315 282 284
315 276 282
315 316 276
316 273 276
316 317 273
317 271 273
317 318 271
318 268 271
318 319 268
319 266 268
319 320 266
266 320 321
266 321 265
322 265 321
322 263 265
323 263 322
323 261 263
324 261 323
324 255 261
325 255 324
325 250 255
326 250 325
326 251 250
251 327 328
251 328 253
329 253 328
329 256 253
256 329 330
256 330 331
307 331 330
307 332 331
307 333 332
333 334 332
333 300 334
331 332 257
331 257 335
332 259 257
332 334 259
336 334 300
336 300 301
337 336 301
337 301 303
203 337 303
203 303 202
307 330 308
338 334 336
338 259 334
258 259 338
258 338 339
247 258 339
247 339 246
340 337 203
150 340 203
150 203 148
340 341 337
341 338 336
341 336 337
339 338 341
246 339 342
339 341 342
246 342 343
343 241 246
343 242 241
341 344 342
344 341 340
340 150 152
340 152 344
345 242 343
342 345 343
345 342 344
345 346 242
346 345 160
346 160 161
344 152 154
347 344 154
347 160 345
344 347 345
156 347 154
347 156 160
167 348 161
167 242 348
215 195 196
215 196 214
214 196 197
260 244 270
249 244 260
244 236 270
270 236 232
270 232 235
267 235 234
269 267 234
269 234 230
230 272 269
230 229 272
210 283 281
210 281 211
213 283 210
213 216 288
295 288 216
216 205 295
349 350 351
349 351 352
353 350 349
354 350 353
354 355 350
356 355 354
357 355 356
357 358 355
359 358 357
360 358 359
360 361 358
362 361 360
363 361 362
363 364 361
358 365 355
358 366 365
367 366 358
367 368 366
364 368 367
364 369 368
369 370 368
368 370 371
371 370 365
365 370 372
372 370 373
374 370 369
375 364 376
377 364 375
377 378 364
379 378 377
379 380 378
380 374 378
378 381 369
378 369 382
380 383 374
383 370 381
384 383 380
385 384 380
385 380 386
387 384 385
388 384 387
388 389 384
390 389 388
390 391 389
392 391 390
392 393 391
394 393 392
395 393 394
395 396 393
393 397 391
393 398 397
396 398 393
384 399 383
389 400 399
389 399 384
396 401 398
402 401 396
403 402 396
403 396 404
402 405 401
406 405 402
406 373 405
398 370 397
399 370 383
407 370 405
408 370 401
409 370 399
410 370 398
397 370 409
391 397 409
391 409 411
412 351 402
412 402 413
414 407 351
414 372 407
355 415 372
355 372 350
416 380 417
292 299 306
418 419 420
418 420 421
421 420 126
421 126 422
423 419 418
424 419 423
424 425 419
425 424 426
425 426 427
428 427 426
428 426 429
430 428 429
430 429 431
431 432 430
431 433 432
433 434 432
433 435 434
435 436 434
435 437 436
437 438 436
437 439 438
439 440 438
439 441 440
442 440 441
442 441 443
444 442 443
444 443 445
445 446 444
445 447 446
447 448 446
447 449 448
450 448 449
449 451 450
452 450 451
452 451 453
454 453 451
454 451 455
456 454 455
456 457 454
458 457 456
458 459 457
460 459 458
460 461 459
462 460 458
462 458 456
462 463 460
464 460 463
464 463 465
466 465 463
466 467 465
468 465 467
468 467 469
470 464 465
470 465 468
464 470 471
464 471 472
472 461 473
472 473 464
474 471 470
474 470 475
475 470 468
475 468 476
469 476 468
469 477 476
478 477 469
478 479 477
469 467 480
469 480 478
481 478 480
481 482 478
482 479 478
482 481 483
482 483 484
421 484 483
421 483 418
485 484 421
485 421 422
482 486 479
486 482 484
486 484 485
483 487 418
418 487 488
418 488 423
489 423 488
489 424 423
424 489 490
424 490 426
429 426 490
429 490 491
431 429 491
431 491 492
433 431 492
433 492 493
435 433 493
435 493 494
437 435 494
437 494 495
439 437 495
439 495 496
441 439 496
441 496 497
443 441 497
443 497 498
499 494 493
499 500 494
495 494 500
495 500 501
501 496 495
502 499 493
503 499 502
504 503 502
503 504 505
504 506 505
504 507 506
503 505 508
507 504 509
504 502 509
507 509 510
503 511 499
511 500 499
508 511 503
510 512 507
510 513 512
489 513 510
513 489 488
513 488 514
512 513 514
489 510 490
514 488 487
514 487 515
516 515 487
483 516 487
481 516 483
481 517 516
480 517 481
480 518 517
518 480 467
518 467 466
516 519 515
517 519 516
519 520 515
519 521 520
522 521 519
517 522 519
518 522 517
522 523 521
524 520 521
524 521 525
525 521 523
523 522 526
518 526 522
523 526 527
528 526 518
528 518 466
529 523 527
525 523 529
529 527 530
526 528 531
526 531 527
532 531 528
532 528 533
466 533 528
533 534 532
533 535 534
463 535 533
463 462 535
536 534 535
536 535 537
462 537 535
532 534 538
532 538 539
539 531 532
466 463 533
540 538 534
540 534 536
540 536 541
540 541 542
543 538 540
543 544 538
544 539 538
545 544 543
543 546 545
543 547 546
540 542 547
540 547 543
548 546 547
548 547 549
542 549 547
545 550 544
549 551 548
549 552 551
552 549 553
542 553 549
552 553 554
555 544 550
555 550 556
557 555 556
557 556 558
558 559 557
558 560 559
561 559 560
561 562 559
562 561 563
562 563 564
557 559 530
562 530 559
557 530 565
555 557 565
566 564 563
566 567 564
567 566 568
567 568 569
569 524 567
569 570 524
571 569 568
571 572 569
573 570 569
573 569 572
573 574 570
573 512 574
512 514 574
574 514 515
574 515 520
520 524 570
520 570 574
573 507 512
573 506 507
575 506 573
575 576 506
571 576 575
571 577 576
577 578 576
577 579 578
580 578 579
580 579 581
582 580 581
580 582 583
580 583 508
508 578 580
582 581 584
585 582 584
585 584 586
586 587 585
586 588 587
589 583 582
589 582 585
590 583 589
589 591 590
589 592 591
592 589 585
592 585 587
593 592 587
593 587 594
501 590 591
501 500 590
595 593 594
596 593 595
596 597 593
592 593 597
592 597 591
597 596 598
597 598 599
591 597 599
591 599 501
599 598 497
599 497 496
501 599 496
595 594 600
600 594 601
600 601 602
603 602 601
603 601 604
604 601 588
588 601 587
604 588 605
605 588 586
605 586 606
607 606 586
607 586 584
608 607 584
608 584 581
609 608 581
609 581 579
610 609 579
610 579 577
610 577 571
610 571 611
611 571 568
611 568 612
612 568 566
612 566 613
613 566 563
613 563 614
614 563 561
614 561 615
561 616 615
561 560 616
617 616 560
617 560 558
618 617 558
618 558 556
619 618 556
619 556 550
620 619 550
620 550 545
621 620 545
621 545 546
546 548 622
546 622 623
624 622 548
624 548 551
551 625 624
551 626 625
602 625 626
602 626 627
602 627 628
628 627 629
628 629 595
626 552 627
626 630 552
627 554 629
627 552 554
631 595 629
631 596 595
632 596 631
632 598 596
498 598 632
498 497 598
602 603 625
633 629 554
633 631 629
553 633 554
553 634 633
542 634 553
542 541 634
635 498 632
445 498 635
445 443 498
635 632 636
634 636 633
636 632 631
636 631 633
541 637 634
634 637 636
541 638 637
638 541 536
638 536 537
636 637 639
639 635 636
635 639 447
635 447 445
640 638 537
637 638 640
640 639 637
640 537 641
641 455 640
641 456 455
639 449 447
642 449 639
642 640 455
639 640 642
451 449 642
642 455 451
462 456 643
462 643 537
510 509 491
510 491 490
509 492 491
509 502 492
502 493 492
555 565 539
544 555 539
539 565 531
565 527 531
565 530 527
562 529 530
564 529 562
564 525 529
525 564 567
525 567 524
505 506 576
505 576 578
508 505 578
508 583 511
590 511 583
511 590 500
644 645 646
644 646 647
648 644 647
649 648 647
649 647 650
651 649 650
652 651 650
652 650 653
654 652 653
655 654 653
655 653 656
657 655 656
658 657 656
658 656 659
656 653 660
656 660 661
653 650 662
653 662 663
659 664 661
659 661 665
661 660 666
660 662 666
665 661 666
662 667 666
667 668 666
669 665 666
670 671 659
672 670 659
672 659 673
674 672 673
674 673 675
675 673 669
675 669 676
677 675 676
678 675 677
678 679 675
680 678 677
681 680 677
681 677 682
683 681 682
683 682 684
685 683 684
685 684 686
687 685 686
688 687 686
688 686 689
686 684 690
686 690 691
689 686 691
677 676 692
682 677 692
682 692 693
689 691 694
695 689 694
696 689 695
696 697 689
695 694 698
699 695 698
699 698 668
691 690 666
700 698 666
701 694 666
692 676 666
676 702 666
703 692 666
704 691 666
690 703 666
684 703 690
684 705 703
706 646 700
706 700 667
707 695 646
707 708 695
650 647 667
650 667 709
710 665 702
710 711 665
712 713 675
587 601 594
714 715 716
714 717 715
718 716 715
718 715 719
720 718 719
720 719 721
720 721 722
720 722 723
723 722 724
723 724 725
724 726 725
724 727 726
723 725 728
726 728 725
723 728 729
723 729 730
723 730 731
723 731 732
723 732 733
726 734 728
735 734 726
726 727 735
735 736 734
737 736 735
737 735 738
738 739 737
730 740 731
730 741 740
731 740 742
731 742 732
739 738 743
743 744 739
743 745 744
735 746 738
738 747 743
738 746 747
741 748 740
742 740 748
741 749 748
748 749 750
742 748 751
748 752 751
745 753 744
745 754 753
755 743 747
756 753 754
756 757 753
756 758 757
755 759 743
743 759 760
743 760 761
759 762 760
759 763 762
764 743 761
764 761 765
766 764 765
766 767 764
763 768 762
763 769 768
769 770 768
769 771 770
770 771 772
773 767 766
773 774 767
775 774 773
776 777 778
776 778 779
777 780 778
777 781 780
780 781 782
780 782 783
759 776 779
759 779 784
784 785 759
784 786 785
786 787 785
786 788 787
788 789 787
788 790 789
783 782 791
783 791 792
792 791 793
792 793 794
793 795 794
789 790 796
797 776 759
797 759 755
797 777 776
797 798 777
798 781 777
798 799 781
799 800 781
799 801 800
799 802 801
801 802 803
801 803 804
804 803 805
806 807 808
806 808 809
810 806 809
810 809 811
807 812 808
807 813 812
814 812 813
814 815 812
814 816 815
814 817 816
818 810 811
818 811 819
820 818 819
816 817 715
816 715 717
820 819 821
822 820 821
822 821 823
824 822 823
824 823 825
826 824 825
826 825 827
828 826 827
828 829 826
829 828 830
829 830 831
831 832 833
834 835 836
834 836 837
835 838 836
835 839 838
838 839 840
838 840 841
840 842 841
843 844 845
843 845 846
847 846 845
847 848 846
849 848 847
849 847 850
851 849 850
852 853 854
852 854 855
856 853 852
857 853 856
858 857 856
859 857 858
859 858 860
859 860 861
862 861 860
862 863 861
864 863 862
855 854 865
855 865 866
866 865 867
868 869 870
868 870 871
870 872 871
870 873 872
874 873 870
869 874 870
874 875 873
876 875 874
876 877 875
878 877 876
878 879 877
869 880 874
880 881 874
882 878 881
880 882 881
882 883 878
883 884 878
883 885 884
885 886 884
884 887 878
884 888 887
889 884 886
890 889 886
891 890 886
892 890 891
892 893 890
894 893 892
894 895 893
895 894 896
885 897 886
898 895 896
899 898 896
899 900 898
901 900 899
901 902 900
903 902 901
903 904 902
903 905 904
898 906 895
906 907 895
907 906 908
908 906 909
908 909 910
908 910 911
911 910 912
897 913 914
913 915 914
915 916 914
916 917 914
916 918 917
897 914 917
897 917 919
915 920 916
913 921 915
922 920 915
922 923 920
924 923 922
925 915 921
925 926 915
926 925 927
918 886 928
929 886 930
929 931 886
929 932 931
931 932 933
932 929 934
932 934 935
934 936 935
935 936 937
935 937 938
934 939 936
936 939 940
936 940 941
941 940 942
943 932 935
943 935 938
943 944 931
943 945 944
945 946 944
945 947 946
947 948 946
947 949 948
949 950 948
949 951 950
950 951 952
950 952 953
952 954 953
952 955 954
955 956 954
957 958 959
958 960 959
958 961 960
961 872 960
961 871 872
961 868 871
961 962 868
963 962 961
963 961 958
964 963 958
965 966 967
965 967 937
967 966 968
735 727 746
969 970 971
969 971 972
973 971 970
973 974 971
975 974 973
975 976 974
975 977 976
975 978 977
978 979 977
978 980 979
979 980 981
979 981 982
978 983 980
981 980 983
978 984 983
978 985 984
978 986 985
978 987 986
978 988 987
981 983 989
990 981 989
981 990 982
990 989 991
992 990 991
992 993 990
993 992 994
985 986 995
985 995 996
986 987 997
986 997 995
994 998 993
998 994 999
998 999 1000
990 993 1001
993 998 1002
993 1002 1001
996 995 1003
997 1003 995
996 1003 1004
1003 1005 1004
997 1006 1003
1003 1006 1007
1000 999 1008
1000 1008 1009
1010 1002 998
1011 1009 1008
1011 1008 1012
1011 1012 1013
1010 998 1014
1015 1010 1014
1015 1014 1016
1014 1017 1016
1016 1017 1018
1016 1018 1019
1015 1016 1019
1019 1018 1020
1019 1020 1021
1020 1022 1021
1020 1023 1022
1014 1024 1017
1024 1014 1025
1024 1025 1026
1026 1025 1027
1026 1027 1028
1028 1027 1029
1028 1029 1030
1023 1031 1022
1023 1032 1031
1032 1033 1031
1032 1034 1033
1033 1034 1035
1029 1036 1030
1037 1021 1038
1037 1038 1039
1037 1039 1040
1041 1021 1037
1041 1019 1021
1015 1019 1041
1039 1042 1040
1039 1043 1042
1043 1044 1042
1045 1046 1047
1045 1047 1048
1049 1046 1045
1049 1050 1046
1048 1047 1051
1048 1051 1052
1053 1052 1051
1053 1051 1054
1053 1054 1055
1053 1055 1056
1057 1050 1049
1057 1058 1050
1059 1058 1057
1055 971 1056
1055 972 971
1059 1060 1058
1061 1060 1059
1061 1062 1060
1063 1062 1061
1063 1064 1062
1065 1064 1063
1065 1066 1064
1067 1066 1065
1067 1065 1068
1068 1069 1067
1068 1070 1069
1070 1071 1072
1073 1074 1075
1073 1076 1074
1075 1074 1077
1075 1077 1078
1077 1079 1078
1077 1080 1079
1079 1080 1081
1082 1083 1084
1082 1084 1085
1086 1084 1083
1086 1083 1087
1088 1086 1087
1088 1089 1086
1090 1089 1088
1091 1092 1093
1091 1093 1094
1095 1091 1094
1096 1095 1094
1097 1095 1096
1098 1097 1096
1098 1099 1097
1098 1100 1099
1101 1099 1100
1101 1100 1102
1103 1101 1102
1092 1104 1093
1092 1105 1104
1105 1106 1104
1107 1108 1109
1107 1109 1110
1109 1108 1111
1109 1111 1112
1113 1109 1112
1110 1109 1113
1113 1112 1114
1115 1113 1114
1115 1114 1116
1117 1115 1116
1117 1116 1118
1110 1113 1119
1119 1113 1120
1121 1120 1117
1119 1120 1121
1121 1117 1122
1122 1117 1123
1122 1123 1124
1124 1123 1125
1123 1117 1126
1123 1126 1127
1128 1125 1123
1129 1125 1128
1130 1125 1129
1131 1130 1129
1131 1129 1132
1133 1131 1132
1133 1132 1134
1134 1135 1133
1124 1125 1136
1137 1135 1134
1138 1135 1137
1138 1137 1139
1140 1138 1139
1140 1139 1141
1142 1140 1141
1142 1141 1143
1142 1143 1144
1137 1134 1145
1145 1134 1146
1146 1147 1145
1147 1148 1145
1147 1149 1148
1147 1150 1149
1150 1151 1149
1136 1152 1153
1154 1153 1152
1154 1152 1155
1156 1153 1154
1156 1154 1157
1158 1153 1156
1136 1153 1158
1136 1159 1152
1158 1156 1160
1161 1156 1157
1161 1157 1162
1163 1161 1162
1164 1160 1156
1164 1156 1165
1165 1166 1164
1155 1167 1125
1168 1169 1125
1168 1125 1170
1168 1170 1171
1170 1172 1171
1171 1173 1168
1171 1174 1173
1173 1174 1175
1174 1176 1175
1174 1177 1176
1173 1175 1178
1175 1179 1178
1175 1180 1179
1180 1181 1179
1182 1177 1174
1182 1174 1171
1182 1170 1183
1182 1183 1184
1184 1183 1185
1184 1185 1186
1186 1185 1187
1186 1187 1188
1188 1187 1189
1188 1189 1190
1189 1191 1190
1189 1192 1191
1191 1192 1193
1191 1193 1194
1194 1193 1195
1196 1197 1198
1198 1197 1199
1198 1199 1200
1200 1199 1111
1200 1111 1108
1200 1108 1107
1200 1107 1201
1202 1198 1200
1202 1200 1201
1203 1198 1202
998 1204 1205
998 1205 1014
1014 1205 1206
1014 1206 1207
1208 1204 998
1208 1209 1204
1210 1209 1208
1210 1208 1211
1207 1206 1212
1207 1212 1213
1213 1212 1214
1213 1214 1215
1214 1216 1215
1217 1210 1211
1217 1211 1218
1219 1217 1218
1220 1176 1221
1220 1221 1222
1221 1223 1222
990 1001 982
