byte offset: 0
first index: 0
index count: 4650
topology: trianglelist
format: DXGI_FORMAT_R16_UINT

0 1 2
0 2 3
0 4 1
0 5 4
6 3 2
6 2 7
6 7 8
9 8 7
9 7 10
10 11 9
10 12 11
13 11 12
13 14 11
14 13 15
14 15 16
17 16 15
17 18 16
18 17 19
18 19 20
21 20 19
21 19 22
23 21 22
23 22 24
25 23 24
25 26 23
25 27 26
25 28 27
27 28 29
27 29 30
31 30 29
31 32 30
32 31 33
33 34 32
35 34 33
36 34 35
36 35 37
37 38 36
37 39 38
40 38 39
40 39 41
42 40 41
42 43 40
42 44 43
42 45 44
46 44 45
46 45 47
35 33 48
49 44 46
43 44 49
49 46 50
51 49 50
52 49 51
52 53 49
43 49 53
40 43 53
51 50 54
50 46 55
50 55 56
56 54 50
57 51 54
57 58 51
58 52 51
58 57 59
58 59 60
61 60 59
61 59 62
62 3 61
62 0 3
0 62 63
0 63 5
59 57 64
59 64 65
62 59 65
62 65 63
66 61 3
67 66 3
67 3 6
6 68 67
6 8 68
9 68 8
9 69 68
11 69 9
11 70 69
11 71 70
11 14 71
72 71 14
72 14 16
16 73 72
16 18 73
20 73 18
20 74 73
74 20 21
74 21 75
75 21 23
75 23 76
76 23 26
76 26 77
78 72 73
78 79 72
71 72 79
73 74 80
73 80 78
81 79 78
80 81 78
81 82 79
83 82 81
83 81 84
79 82 85
79 85 86
85 87 86
85 88 87
85 89 88
90 88 89
87 88 90
90 89 91
85 92 89
92 85 82
92 82 83
83 93 92
93 89 92
83 94 93
87 90 95
96 84 81
96 81 97
98 95 90
68 95 98
67 68 98
67 98 99
68 69 95
87 95 69
67 99 100
67 100 66
66 100 101
100 102 101
103 101 102
103 104 101
100 105 102
105 100 99
102 105 106
102 106 107
107 103 102
66 101 108
104 108 101
66 108 61
109 61 108
104 109 108
109 60 61
58 60 109
58 109 110
58 110 52
111 104 103
111 112 104
112 52 110
112 110 109
112 109 104
112 113 52
111 113 112
111 103 114
107 114 103
111 114 115
111 116 113
116 111 115
113 116 117
113 117 118
118 52 113
119 118 117
119 117 120
119 53 118
118 53 52
119 121 53
40 53 121
38 40 121
38 121 122
123 122 121
123 121 119
120 123 119
120 124 123
125 120 117
116 125 117
125 126 120
127 124 120
127 120 126
128 124 127
128 127 129
130 128 129
130 131 128
126 132 127
126 133 132
125 133 126
133 134 132
135 132 134
135 136 132
127 132 136
127 136 129
135 137 136
137 130 129
137 129 136
135 138 137
133 139 134
140 137 138
140 141 137
130 137 141
130 141 142
142 131 130
143 139 133
143 144 139
144 143 145
144 145 146
145 147 146
145 148 147
148 149 147
148 150 149
151 149 150
151 152 149
115 148 145
150 148 115
115 145 153
153 145 143
151 154 152
151 155 154
156 154 155
156 157 154
106 156 155
106 158 156
157 156 159
159 156 158
157 159 160
161 160 159
161 159 162
91 162 159
91 159 163
159 158 163
163 158 164
164 158 106
163 164 165
99 165 164
99 98 165
98 90 165
163 165 90
163 90 91
105 99 164
164 106 105
166 161 162
166 162 91
166 167 161
166 168 167
166 93 168
166 91 89
93 166 89
169 160 161
169 161 167
169 170 160
170 157 160
170 171 157
169 167 172
168 172 167
168 173 172
174 173 168
174 175 173
175 174 176
175 176 177
157 171 178
157 178 154
154 178 179
154 179 152
179 149 152
179 180 149
149 180 181
149 181 147
181 146 147
181 182 146
146 182 183
146 183 144
139 144 183
139 183 184
185 139 184
185 134 139
185 135 134
185 186 135
186 138 135
186 187 138
138 187 188
138 188 140
189 140 188
189 188 190
141 140 189
141 189 191
192 191 189
190 192 189
192 193 191
192 194 193
192 195 194
196 191 193
141 191 196
196 193 197
193 194 198
193 198 197
199 197 198
199 196 197
199 198 200
96 198 194
96 200 198
96 194 201
202 199 200
202 203 199
76 203 202
76 202 75
201 84 96
201 204 84
201 205 204
201 206 205
204 83 84
204 94 83
207 205 206
207 208 205
206 201 194
206 194 195
207 206 195
202 74 75
202 80 74
97 80 202
80 97 81
97 202 200
96 97 200
207 195 209
210 209 195
210 195 192
190 210 192
94 204 176
94 176 174
94 174 168
94 168 93
87 69 70
86 87 70
86 70 71
71 79 86
153 143 125
125 143 133
116 153 125
116 115 153
150 115 114
150 114 107
150 107 151
155 151 107
155 107 106
142 211 131
196 211 142
196 212 211
141 196 142
199 212 196
213 212 199
213 199 203
77 213 203
77 203 76
214 213 77
77 27 214
77 26 27
214 215 213
212 213 215
212 215 211
216 131 211
216 211 215
128 131 216
128 216 217
217 124 128
217 123 124
123 217 218
218 217 216
123 218 122
216 219 218
215 214 219
219 216 215
214 27 30
214 30 219
122 218 36
122 36 38
32 219 30
219 32 220
220 218 219
36 218 220
220 32 34
34 36 220
221 222 223
221 223 224
221 224 225
221 225 226
227 223 222
225 228 226
225 229 228
230 223 227
230 231 223
232 231 230
231 232 233
231 233 234
235 234 233
236 234 235
236 235 237
238 236 237
228 229 239
228 239 240
240 239 241
242 241 239
242 243 241
242 244 243
242 245 244
234 236 246
234 246 247
231 234 247
231 247 248
249 242 239
249 239 250
223 231 248
223 248 251
223 251 252
223 252 253
252 225 253
252 254 225
255 245 242
255 242 249
256 245 255
256 255 257
257 258 256
259 256 258
259 258 260
260 258 261
262 261 258
262 263 261
264 256 259
257 265 258
266 258 265
266 265 267
266 267 268
266 268 269
262 269 270
262 270 263
270 269 271
269 238 271
246 269 268
246 236 269
269 236 238
267 272 268
265 272 267
268 272 246
246 272 247
247 272 248
248 272 251
251 272 252
252 272 273
273 272 274
225 273 274
225 274 229
239 229 274
239 274 250
274 272 250
250 272 249
249 272 255
255 272 257
257 272 265
256 275 244
256 244 245
276 55 46
276 46 47
277 64 57
277 57 54
56 277 54
278 279 280
278 280 281
278 281 282
278 282 283
284 280 279
284 285 280
284 286 285
287 285 286
287 288 285
288 287 289
288 289 290
291 290 289
291 289 292
292 293 291
292 294 293
295 293 294
295 294 296
296 297 295
296 298 297
299 297 298
299 300 297
301 300 299
301 302 300
303 302 301
303 301 304
303 304 305
303 305 306
305 307 306
305 308 307
309 307 308
309 308 310
310 311 309
311 310 312
313 311 312
314 313 312
314 315 313
315 314 316
315 316 317
318 317 316
318 319 317
320 319 318
320 318 321
320 321 322
320 322 323
324 323 322
324 325 323
313 326 311
327 324 322
321 327 322
327 328 324
329 328 327
330 329 327
330 327 331
321 331 327
318 331 321
329 332 328
328 333 324
328 334 333
334 328 332
335 332 329
335 329 336
336 329 330
336 337 335
336 338 337
339 337 338
339 340 337
340 339 279
340 279 278
278 341 340
278 283 341
337 342 335
337 343 342
340 341 343
340 343 337
344 279 339
345 279 344
345 284 279
284 345 346
284 346 286
287 286 346
287 346 347
289 287 347
289 347 348
289 348 349
289 349 292
350 292 349
350 294 292
294 350 351
294 351 296
298 296 351
298 351 352
352 299 298
352 353 299
353 301 299
353 354 301
354 304 301
354 355 304
356 351 350
356 350 357
349 357 350
351 356 358
351 358 352
359 356 357
358 356 359
359 357 360
361 359 360
361 362 359
357 363 360
357 364 363
363 364 365
363 365 366
363 366 367
368 367 366
365 368 366
368 369 367
363 367 370
370 361 360
370 360 363
361 370 371
371 370 367
361 371 372
365 373 368
374 359 362
374 375 359
376 368 373
346 376 373
345 376 346
345 377 376
346 373 347
345 378 377
345 344 378
344 379 378
378 379 380
381 380 379
381 379 382
378 380 383
383 377 378
380 384 383
380 385 384
385 380 381
344 386 379
382 379 386
344 339 386
387 386 339
382 386 387
387 339 338
336 387 338
336 388 387
336 330 388
389 381 382
389 382 390
390 388 330
390 382 387
390 387 388
390 330 391
389 390 391
389 392 381
385 381 392
389 393 392
389 391 394
394 393 389
391 395 394
391 396 395
396 391 330
397 395 396
397 398 395
397 396 331
396 330 331
397 331 399
318 399 331
316 399 318
316 400 399
401 397 399
401 399 400
398 397 401
398 401 402
403 395 398
394 395 403
403 398 404
405 404 398
405 398 402
406 405 402
406 407 405
408 407 406
408 406 409
404 405 410
404 410 411
403 404 411
411 410 412
413 412 410
413 410 414
405 407 414
405 414 410
413 414 415
415 414 407
415 407 408
413 415 416
411 412 417
418 416 415
418 415 419
408 419 415
408 420 419
420 408 409
421 411 417
421 417 422
422 423 421
422 424 423
423 424 425
423 425 426
426 425 427
426 427 428
429 428 427
429 427 430
393 423 426
428 393 426
393 431 423
431 421 423
429 430 432
429 432 433
434 433 432
434 432 435
384 433 434
384 434 436
435 437 434
437 436 434
435 438 437
439 437 438
439 440 437
369 437 440
369 441 437
437 441 436
441 442 436
442 384 436
441 443 442
377 442 443
377 443 376
376 443 368
441 369 368
441 368 443
383 442 377
442 383 384
444 440 439
444 369 440
444 439 445
444 445 446
444 446 371
444 367 369
371 367 444
447 439 438
447 438 448
448 438 435
448 435 449
447 450 445
446 445 450
447 445 439
446 450 451
452 446 451
452 451 453
453 454 452
453 455 454
435 456 449
435 432 456
432 457 456
432 430 457
457 430 427
457 427 458
427 459 458
427 425 459
459 425 424
459 424 460
424 461 460
424 422 461
417 461 422
417 462 461
463 462 417
463 417 412
463 412 413
463 413 464
464 413 416
464 416 465
416 466 465
416 418 466
467 466 418
467 468 466
419 467 418
419 469 467
470 467 469
468 467 470
470 469 471
470 471 472
470 472 473
474 471 469
419 474 469
474 475 471
471 475 476
471 476 472
477 476 475
477 475 474
477 478 476
374 472 476
374 476 478
374 479 472
480 478 477
480 477 481
354 480 481
354 353 480
479 374 362
479 362 482
479 482 483
479 483 484
482 362 361
482 361 372
485 484 483
485 483 486
484 472 479
484 473 472
485 473 484
480 353 352
480 352 358
375 480 358
358 359 375
375 478 480
374 478 375
485 487 473
488 473 487
488 470 473
468 470 488
372 452 454
372 454 482
372 446 452
372 371 446
365 348 347
365 347 373
364 348 365
364 349 348
349 364 357
431 403 421
403 411 421
394 403 431
394 431 393
428 392 393
428 385 392
428 429 385
433 385 429
433 384 385
420 409 489
474 420 489
474 489 490
419 420 474
477 474 490
491 477 490
491 481 477
355 481 491
355 354 481
492 355 491
355 492 305
355 305 304
492 491 493
490 489 493
490 493 491
494 493 489
494 489 409
406 494 409
406 495 494
495 406 402
495 402 401
401 496 495
496 494 495
401 400 496
494 496 497
493 497 492
497 493 494
492 497 308
492 308 305
400 314 496
400 316 314
310 308 497
497 498 310
498 497 496
314 498 496
498 312 310
312 498 314
499 500 501
499 501 502
499 503 500
499 504 503
505 502 501
503 504 506
503 506 507
508 505 501
508 501 509
510 508 509
509 511 510
509 512 511
513 511 512
514 513 512
514 515 513
516 515 514
506 517 507
506 518 517
518 519 517
520 517 519
520 519 521
520 521 522
520 522 523
512 524 514
512 525 524
509 525 512
509 526 525
527 526 509
527 528 526
527 529 528
527 530 529
531 520 523
532 531 523
532 533 531
533 532 534
533 534 535
536 535 534
536 537 535
536 538 537
536 539 538
524 538 539
524 539 514
528 529 540
537 538 540
535 537 540
533 535 540
531 533 540
538 524 540
529 541 540
524 525 540
525 526 540
541 542 540
543 542 541
543 544 542
545 542 544
545 546 542
542 546 540
547 546 545
546 547 540
547 545 520
531 547 520
547 531 540
526 528 540
539 516 514
539 548 516
549 548 539
550 549 539
550 551 549
550 552 551
550 553 552
554 552 553
555 554 553
555 553 556
557 555 556
556 523 522
556 522 558
559 530 503
559 503 560
561 325 324
561 324 333
562 332 335
562 335 342
334 332 562
563 564 565
566 567 568
566 568 569
570 571 572
570 572 573
571 574 572
571 575 574
576 577 578
576 578 579
580 581 582
583 584 585
586 585 584
586 587 585
586 588 587
586 589 588
590 588 589
590 589 591
592 590 591
592 591 593
594 592 593
594 593 595
591 596 593
591 597 596
598 597 591
598 591 599
593 596 600
593 600 595
600 601 595
595 601 594
600 602 601
602 603 601
602 604 603
603 604 605
606 598 599
606 607 598
605 608 603
608 605 609
608 609 610
610 611 608
610 612 611
601 603 613
603 608 614
603 614 613
615 607 606
615 606 616
616 617 615
618 610 609
618 612 610
618 609 619
619 620 618
620 621 618
618 621 612
620 622 621
623 622 620
620 624 623
619 624 620
601 613 594
625 608 611
625 626 608
626 627 608
627 614 608
625 628 629
630 629 628
630 631 629
632 631 630
632 633 631
633 632 634
635 633 634
636 631 633
636 633 635
636 629 631
636 637 629
629 637 638
629 638 639
639 638 640
625 629 639
639 641 625
642 643 644
642 645 643
642 644 646
647 642 646
642 647 648
649 642 648
647 627 648
650 643 651
652 650 651
653 652 651
653 651 654
655 653 654
655 656 653
656 655 657
656 657 658
658 657 659
659 660 661
662 661 660
662 663 661
662 664 663
662 665 664
666 667 664
666 664 668
667 666 669
666 670 669
666 671 670
672 670 671
670 672 673
673 674 670
675 674 673
675 676 674
677 676 675
677 678 676
679 678 677
680 672 671
681 670 674
681 674 682
683 684 685
686 687 688
689 688 687
689 690 688
691 690 689
691 692 690
691 693 692
694 693 691
695 693 694
695 696 693
696 695 697
696 697 698
699 700 698
699 698 701
702 703 704
702 704 705
706 707 708
709 707 706
709 706 710
711 712 713
713 712 714
713 714 715
716 717 718
716 718 719
720 717 716
720 721 717
722 721 720
722 720 723
724 722 723
724 725 722
726 725 724
726 727 725
728 727 726
718 729 719
718 730 729
729 730 731
729 731 732
733 732 731
734 728 726
728 734 735
736 735 734
737 735 736
737 736 738
735 737 739
735 739 728
737 738 740
737 740 741
741 740 742
741 742 743
744 743 742
745 743 744
745 741 743
745 746 741
737 741 746
737 746 739
747 736 734
748 736 747
748 747 749
749 747 750
750 747 751
752 748 749
752 749 753
753 749 750
754 752 753
755 754 753
756 754 755
756 757 754
757 756 758
759 757 758
757 759 760
757 760 754
754 760 752
755 753 761
753 750 761
762 763 751
764 762 751
762 764 765
764 766 765
765 766 767
768 765 767
768 767 769
770 771 768
772 771 770
772 773 771
773 772 774
770 768 775
772 776 774
776 772 770
776 770 777
777 770 775
777 775 778
779 780 769
779 769 781
779 781 782
783 779 782
784 779 783
785 784 783
785 786 784
785 787 786
788 789 790
788 790 791
792 789 788
792 793 789
794 793 792
794 792 795
794 795 796
797 798 799
800 799 798
800 798 801
800 801 802
800 802 803
802 804 803
802 805 804
806 807 808
806 808 809
810 811 812
810 812 813
810 814 811
810 815 814
816 814 815
816 817 814
816 818 817
819 818 816
820 818 819
820 819 821
820 821 822
822 821 823
822 823 824
823 825 824
826 823 827
828 829 827
829 830 827
829 831 830
831 832 830
830 833 827
832 833 830
827 833 834
827 834 835
836 837 838
836 838 839
840 836 839
840 841 836
842 841 840
842 843 841
844 843 842
845 846 847
845 847 848
849 845 848
849 848 850
846 851 847
846 852 851
852 853 851
854 849 850
854 855 849
856 857 858
856 858 859
857 860 858
857 861 860
861 862 860
863 864 865
863 865 866
864 867 865
864 868 867
868 869 867
870 871 872
870 872 873
873 874 870
873 875 874
872 871 876
872 876 877
876 878 877
876 879 878
880 878 879
874 875 881
874 881 882
882 881 883
882 883 884
885 886 887
888 885 887
888 887 889
890 891 892
890 892 893
893 894 890
893 895 894
892 891 896
892 896 897
896 898 897
896 899 898
900 898 899
894 895 901
894 901 902
902 901 903
902 903 904
905 906 904
905 907 906
907 908 906
909 910 911
912 913 914
912 914 915
916 917 918
916 918 919
919 918 920
919 920 921
922 923 924
922 924 925
926 927 928
929 930 931
932 931 930
932 930 933
932 933 934
932 934 935
936 935 934
936 937 935
938 937 936
938 939 937
940 939 938
940 941 939
937 939 942
937 942 943
944 937 943
944 945 937
939 941 946
939 946 942
946 941 947
941 940 947
946 947 948
948 947 949
948 949 950
949 951 950
952 945 944
952 944 953
951 949 954
954 955 951
954 956 955
956 954 957
956 957 958
947 959 949
949 960 954
949 959 960
961 952 953
961 962 952
962 961 963
964 955 956
964 956 958
964 965 955
965 964 966
966 964 967
964 958 967
966 967 968
969 966 968
966 969 970
965 966 970
947 940 959
971 957 954
971 954 972
972 954 973
973 954 960
971 974 975
976 975 974
976 974 977
978 976 977
978 977 979
979 980 978
981 980 979
982 981 979
982 979 977
982 977 974
982 974 983
974 984 983
974 985 984
985 986 984
971 985 974
985 971 987
988 989 990
988 990 991
988 992 989
993 992 988
988 994 993
995 994 988
993 994 973
996 997 990
998 997 996
999 997 998
999 1000 997
1001 1000 999
1001 999 1002
1002 1003 1001
1002 1004 1003
1004 1005 1003
1005 1006 1007
1008 1007 1006
1008 1006 1009
1008 1009 1010
1008 1010 1011
1012 1013 1010
1012 1010 1014
1014 1015 1012
1012 1015 1016
1012 1016 1017
1018 1017 1016
1016 1019 1018
1019 1016 1020
1021 1019 1020
1021 1020 1022
1023 1021 1022
1023 1022 1024
1025 1023 1024
1026 1017 1018
1027 1020 1016
1027 1028 1020
1029 1030 1031
1032 1033 1034
1035 1034 1033
1035 1033 1036
1037 1035 1036
1037 1036 1038
1037 1038 1039
1040 1037 1039
1041 1040 1039
1041 1039 1042
1042 1043 1041
1042 1044 1043
1045 1046 1044
1045 1044 1047
1048 1049 1050
1048 1050 1051
1052 1053 1054
1055 1052 1054
1055 1056 1052
1057 1058 1059
1058 1060 1059
1058 1061 1060
1062 1063 1064
1062 1064 1065
1066 1062 1065
1066 1065 1067
1068 1066 1067
1068 1069 1066
1070 1069 1068
1070 1068 1071
1072 1070 1071
1072 1071 1073
1074 1072 1073
1064 1063 1075
1064 1075 1076
1075 1077 1076
1075 1078 1077
1079 1077 1078
1080 1072 1074
1074 1081 1080
1082 1080 1081
1083 1082 1081
1083 1084 1082
1081 1074 1085
1081 1085 1083
1083 1086 1084
1083 1087 1086
1087 1088 1086
1087 1089 1088
1090 1088 1089
1091 1090 1089
1091 1089 1087
1091 1087 1092
1083 1085 1092
1083 1092 1087
1093 1080 1082
1094 1093 1082
1094 1095 1093
1095 1096 1093
1096 1097 1093
1098 1095 1094
1098 1099 1095
1099 1096 1095
1100 1099 1098
1101 1099 1100
1102 1101 1100
1102 1100 1103
1103 1104 1102
1105 1104 1103
1103 1100 1106
1103 1106 1105
1100 1098 1106
1101 1107 1099
1099 1107 1096
1108 1097 1109
1110 1097 1108
1108 1111 1110
1110 1111 1112
1111 1113 1112
1114 1113 1111
1114 1115 1113
1116 1117 1114
1116 1114 1118
1119 1116 1118
1119 1118 1120
1120 1121 1119
1119 1121 1122
1122 1116 1119
1122 1123 1116
1123 1117 1116
1123 1124 1117
1125 1126 1115
1125 1127 1126
1128 1127 1125
1129 1128 1125
1125 1115 1130
1131 1128 1129
1131 1129 1132
1131 1132 1133
1134 1135 1136
1134 1136 1137
1138 1134 1137
1138 1137 1139
1140 1138 1139
1140 1141 1138
1140 1142 1141
1143 1144 1145
1146 1145 1144
1146 1147 1145
1146 1148 1147
1146 1149 1148
1148 1149 1150
1148 1150 1151
1152 1153 1154
1152 1154 1155
1156 1157 1158
1156 1158 1159
1156 1159 1160
1156 1160 1161
1162 1161 1160
1162 1160 1163
1162 1163 1164
1165 1162 1164
1166 1165 1164
1166 1167 1165
1166 1168 1167
1168 1169 1167
1168 1170 1169
1169 1170 1171
1172 1173 1169
1174 1173 1175
1175 1173 1176
1175 1176 1177
1177 1176 1178
1176 1173 1179
1178 1176 1179
1173 1180 1179
1173 1181 1180
1182 1183 1184
1182 1184 1185
1186 1183 1182
1186 1182 1187
1188 1186 1187
1188 1187 1189
1190 1188 1189
1191 1192 1193
1191 1193 1194
1195 1192 1191
1195 1196 1192
1194 1193 1197
1194 1197 1198
1198 1197 1199
1200 1196 1195
1200 1195 1201
1202 1203 1204
1202 1204 1205
1205 1204 1206
1205 1206 1207
1207 1206 1208
1209 1210 1211
1209 1211 1212
1212 1211 1213
1212 1213 1214
1214 1213 1215
1216 1217 1218
1216 1218 1219
1217 1216 1220
1217 1220 1221
1218 1222 1219
1218 1223 1222
1222 1223 1224
1222 1224 1225
1226 1225 1224
1220 1227 1221
1220 1228 1227
1228 1229 1227
1228 1230 1229
1229 1230 1231
1229 1231 1232
1232 1231 1233
1234 1235 1236
1234 1236 1237
1235 1234 1238
1235 1238 1239
1236 1240 1237
1236 1241 1240
1240 1241 1242
1240 1242 1243
1244 1243 1242
1238 1245 1239
1238 1246 1245
1246 1247 1245
1246 1248 1247
1247 1248 1249
1247 1249 1250
1250 1249 1251
