byte offset: 0
first index: 0
index count: 3672
topology: trianglelist
format: DXGI_FORMAT_R16_UINT

0 1 2
1 3 2
4 2 3
5 4 3
4 5 6
7 4 6
1 0 8
0 9 8
0 10 9
10 11 9
7 6 12
13 7 12
7 13 14
13 15 14
16 8 9
17 16 9
9 11 17
18 16 17
19 18 17
18 19 20
19 21 20
22 20 21
23 22 21
22 23 24
23 25 24
19 26 21
26 27 21
23 21 27
24 25 28
29 24 28
28 30 29
30 31 29
30 28 32
28 33 32
31 30 34
35 31 34
35 34 36
36 34 37
34 38 37
32 38 30
38 34 30
38 32 39
40 38 39
40 39 41
42 40 41
42 41 43
44 42 43
44 43 45
46 44 45
44 46 47
46 48 47
49 45 43
50 49 43
43 41 50
48 51 47
51 52 47
51 53 52
53 54 52
53 55 54
55 56 54
55 57 56
57 58 56
57 59 58
59 60 58
59 61 60
61 62 60
63 56 58
64 63 58
58 60 64
60 65 64
65 60 62
66 52 54
66 67 52
68 67 66
69 68 66
68 69 37
69 70 37
71 70 69
72 71 69
72 69 73
69 66 73
72 73 63
74 72 63
74 63 64
71 72 74
67 68 40
42 67 40
42 44 67
44 47 67
67 47 52
73 66 54
73 54 56
63 73 56
37 70 36
70 75 36
70 71 75
76 36 75
76 35 36
77 76 75
75 78 77
78 79 77
80 79 78
80 78 81
78 71 81
71 78 75
82 79 80
83 82 80
82 83 84
85 82 84
81 86 80
86 83 80
87 86 81
74 87 81
81 71 74
86 87 88
89 86 88
86 89 83
89 84 83
89 90 84
90 91 84
85 84 91
87 74 64
64 65 87
65 88 87
85 92 82
92 93 82
93 94 82
94 79 82
94 95 79
95 77 79
95 96 77
96 76 77
96 97 76
97 35 76
97 98 35
98 31 35
31 98 29
98 99 29
29 99 24
99 100 24
24 100 22
100 101 22
22 101 20
101 102 20
102 103 20
103 18 20
103 104 18
104 16 18
104 105 16
105 8 16
105 106 8
106 1 8
106 107 1
107 3 1
3 107 108
5 3 108
5 108 109
6 5 109
12 6 109
110 12 109
12 110 111
112 12 111
12 112 13
112 113 13
112 114 113
114 115 113
114 116 115
116 91 115
113 115 117
115 118 117
118 115 91
119 116 114
120 119 114
114 112 120
112 111 120
90 118 91
118 90 121
90 122 121
121 122 123
122 124 123
123 124 125
124 62 125
125 62 126
62 61 126
116 85 91
122 88 124
88 65 124
124 65 62
90 89 122
89 88 122
125 127 123
127 128 123
123 128 121
127 129 128
129 130 128
128 130 131
130 132 131
132 130 133
134 132 133
134 133 135
136 134 135
137 135 133
138 135 137
139 138 137
138 139 140
139 141 140
142 137 133
133 130 142
130 129 142
138 140 143
144 138 143
138 144 135
144 136 135
134 136 14
136 145 14
145 136 146
136 144 146
143 10 144
10 146 144
147 140 141
148 147 141
148 149 147
149 150 147
147 150 151
143 140 151
140 147 151
150 152 151
141 139 153
154 141 153
148 141 154
155 149 148
156 155 148
156 148 154
155 157 149
157 158 149
157 159 158
159 160 158
159 161 160
161 162 160
162 161 163
164 162 163
165 162 164
166 165 164
160 162 167
162 165 167
167 165 168
169 167 168
168 170 169
170 171 169
170 172 171
172 49 171
173 172 170
174 173 170
174 170 168
168 165 175
165 166 175
175 174 168
171 49 50
176 171 50
169 171 176
176 50 177
41 177 50
178 176 177
178 177 179
180 178 179
181 178 180
182 181 180
179 33 180
33 183 180
180 183 182
181 184 178
184 176 178
181 182 185
182 186 185
185 187 181
187 184 181
158 187 185
188 158 185
185 186 188
182 189 186
183 189 182
189 27 186
186 190 188
190 186 27
187 167 184
167 169 184
184 169 176
167 187 160
187 158 160
150 188 190
152 150 190
158 188 149
188 150 149
189 23 27
26 190 27
152 190 26
25 23 189
183 25 189
25 183 28
183 33 28
191 152 26
152 191 151
191 11 151
191 26 19
17 191 19
11 191 17
143 151 11
10 143 11
10 0 146
0 2 146
146 2 145
2 4 145
145 4 7
14 145 7
33 179 32
179 39 32
39 179 177
41 39 177
14 15 134
15 132 134
132 15 117
131 132 117
113 117 15
13 113 15
131 117 118
121 131 118
128 131 121
153 139 192
139 137 192
193 192 137
142 193 137
142 194 193
142 129 194
129 195 194
195 129 127
196 195 127
196 127 125
126 196 125
197 194 195
198 197 195
198 195 196
199 153 192
200 199 192
200 192 201
192 193 201
193 202 201
193 194 202
194 197 202
202 203 201
204 198 196
204 196 126
205 204 126
126 61 205
61 206 205
207 206 61
59 207 61
59 57 207
57 208 207
57 55 208
55 209 208
55 53 209
53 210 209
210 53 51
211 210 51
211 51 48
212 211 48
213 212 48
46 213 48
46 45 213
45 214 213
45 49 214
214 49 215
49 172 215
215 172 216
172 173 216
173 217 216
218 217 173
217 218 219
220 217 219
174 218 173
221 219 218
222 221 218
222 218 174
221 222 223
222 224 223
224 225 223
225 224 164
224 166 164
225 164 163
226 225 163
225 226 227
225 227 223
226 228 227
227 228 229
228 230 229
222 175 224
175 166 224
175 222 174
229 230 231
230 232 231
231 232 233
231 233 234
235 231 234
235 234 236
237 235 236
233 238 234
238 239 234
236 234 239
238 240 239
240 241 239
241 240 242
243 241 242
243 242 244
244 245 243
245 246 243
242 247 244
239 241 248
248 236 239
241 249 248
246 249 243
249 241 243
246 245 250
251 246 250
251 252 246
252 249 246
252 253 249
253 248 249
240 238 254
242 240 255
240 254 255
247 242 256
242 255 256
257 245 244
258 257 244
258 244 247
257 258 259
258 260 259
258 261 260
261 258 247
261 262 260
247 256 263
264 261 263
261 264 262
261 247 263
264 265 262
252 251 266
253 252 267
267 266 268
266 269 268
269 266 270
271 269 270
271 270 272
270 273 272
268 274 267
274 275 267
267 275 253
275 276 253
272 273 277
273 278 277
278 273 250
279 278 250
275 274 280
281 275 280
275 281 276
281 280 282
283 281 282
282 284 283
284 285 283
284 286 285
286 287 285
287 286 288
289 287 288
283 285 290
285 291 290
285 287 291
292 289 288
293 292 288
292 293 294
293 295 294
294 296 292
296 297 292
298 294 295
299 298 295
298 299 300
298 300 301
302 298 301
298 302 294
302 296 294
296 302 303
302 304 303
303 304 305
304 306 305
305 306 307
306 308 307
307 308 309
308 310 309
310 308 311
312 310 311
309 220 307
220 313 307
305 307 313
314 312 311
315 314 311
316 314 315
317 316 315
318 316 317
319 318 317
320 318 319
321 320 319
322 320 321
323 322 321
324 322 323
325 324 323
319 326 321
326 327 321
323 321 327
328 323 327
323 328 325
315 329 317
330 329 315
330 331 329
331 332 329
332 331 301
333 332 301
332 333 334
335 332 334
329 332 336
332 335 336
336 335 326
335 337 326
326 337 327
335 334 337
331 330 304
330 306 304
308 306 330
311 308 330
311 330 315
329 336 317
317 336 319
336 326 319
333 301 300
338 333 300
334 333 338
300 339 338
299 339 300
339 340 338
341 338 340
342 341 340
343 341 342
341 343 344
334 341 344
341 334 338
343 342 345
346 343 345
346 345 347
345 348 347
346 349 343
349 344 343
349 350 344
350 337 344
334 344 337
350 349 351
349 352 351
347 352 346
352 349 346
353 352 347
354 353 347
347 348 354
337 350 327
351 328 350
328 327 350
355 348 345
356 355 345
357 356 345
342 357 345
358 357 342
340 358 342
359 358 340
339 359 340
359 339 360
339 299 360
360 299 361
299 295 361
361 295 293
362 361 293
362 293 288
363 362 288
363 288 286
364 363 286
286 284 364
284 365 364
366 365 284
282 366 284
367 366 282
280 367 282
368 367 280
274 368 280
369 368 274
268 369 274
370 369 268
269 370 268
370 269 371
269 271 371
371 271 372
271 272 372
372 272 277
373 372 277
373 277 374
277 375 374
375 277 278
376 375 278
377 375 376
378 377 376
379 377 378
354 379 378
378 376 380
381 378 380
378 381 354
377 379 382
383 377 382
377 383 375
383 374 375
381 353 354
353 381 384
385 353 384
385 384 386
387 385 386
387 386 388
325 387 388
325 388 389
324 325 389
348 379 354
351 385 387
328 351 387
328 387 325
351 352 385
352 353 385
262 388 386
260 262 386
260 386 384
259 260 384
262 265 388
265 389 388
259 384 381
380 259 381
257 259 380
279 257 380
257 279 245
279 250 245
380 376 279
376 278 279
251 250 273
270 251 273
251 270 266
252 266 267
264 390 265
391 390 264
263 391 264
391 263 392
263 256 392
392 256 393
256 255 393
255 394 393
394 255 395
255 254 395
254 396 395
238 396 254
396 238 233
397 396 233
232 397 233
396 398 395
396 397 398
397 399 398
400 392 393
399 397 401
397 232 401
402 401 232
230 402 232
403 402 230
228 403 230
404 403 228
226 404 228
405 404 226
163 405 226
405 163 161
406 405 161
406 161 159
407 406 159
407 159 157
408 407 157
408 157 155
409 408 155
155 156 409
156 410 409
410 156 411
156 154 411
411 154 199
154 153 199
37 38 68
38 40 68
119 92 116
92 85 116
412 413 414
413 415 414
412 414 416
297 416 414
417 297 414
417 414 415
418 412 416
419 412 418
313 419 418
418 305 313
419 420 412
420 413 412
415 413 421
422 415 421
420 423 413
423 421 413
421 423 229
424 421 229
421 424 422
425 415 422
425 417 415
291 425 422
424 426 422
291 422 426
416 303 418
303 305 418
219 419 313
220 219 313
219 221 419
221 420 419
221 223 420
223 423 420
229 423 227
423 223 227
426 424 235
237 426 235
229 231 424
231 235 424
287 425 291
290 291 426
290 426 237
287 289 425
289 417 425
417 289 292
297 417 292
427 290 237
237 236 427
236 276 427
283 290 427
281 283 427
281 427 276
276 236 248
253 276 248
416 297 296
303 416 296
304 302 331
302 301 331
382 379 355
379 348 355
428 429 430
429 431 430
428 432 429
432 433 429
431 434 430
432 435 433
436 437 438
437 439 438
439 437 440
437 441 440
436 438 442
440 441 443
444 445 446
445 447 446
444 446 448
449 444 448
449 448 450
451 447 445
450 448 452
453 450 452
451 454 447
454 455 447
456 455 454
456 457 455
457 458 455
459 458 457
460 458 459
461 460 459
462 460 461
463 460 462
464 463 462
465 463 464
466 463 465
467 466 465
468 466 467
469 468 467
470 468 469
470 471 468
472 471 470
473 471 472
474 473 472
474 475 473
475 476 473
477 476 475
478 476 477
452 476 478
453 452 478
468 479 466
479 480 466
466 480 463
480 481 463
471 473 482
471 482 468
482 479 468
473 483 482
473 476 483
463 481 484
460 463 484
460 484 485
458 460 485
458 485 455
485 486 455
455 486 487
447 455 487
447 487 446
487 488 446
446 488 489
448 446 489
448 489 490
452 448 490
452 490 491
476 452 491
476 491 483
487 492 488
488 492 489
485 492 486
489 492 490
486 492 487
490 492 491
491 492 483
484 492 485
483 492 482
482 492 479
479 492 480
480 492 481
481 492 484
493 494 495
494 496 495
495 496 497
496 498 497
498 499 497
500 494 493
497 499 501
499 502 501
503 500 493
504 503 493
505 503 504
506 505 504
507 506 504
508 506 507
508 507 509
510 508 509
511 510 509
511 509 512
513 511 512
514 513 512
514 512 515
516 514 515
516 515 517
518 516 517
519 518 517
519 517 520
521 519 520
521 520 522
523 521 522
524 523 522
525 524 522
526 524 525
527 526 525
527 525 501
502 527 501
517 515 528
515 529 528
520 517 530
517 528 530
522 520 530
531 522 530
525 522 531
501 525 532
532 525 531
533 501 532
497 501 533
534 497 533
495 497 534
535 495 534
495 535 536
493 495 536
504 493 536
537 504 536
504 537 538
507 504 538
509 507 538
539 509 538
512 509 539
540 512 539
512 540 529
515 512 529
536 535 541
535 534 541
539 538 541
538 537 541
537 536 541
529 540 541
540 539 541
534 533 541
528 529 541
530 528 541
531 530 541
533 532 541
532 531 541
217 220 542
220 543 542
217 542 216
309 543 220
544 543 309
310 544 309
544 310 312
545 544 312
546 545 312
314 546 312
547 546 314
316 547 314
547 316 548
316 318 548
548 318 549
318 320 549
549 320 550
320 322 550
322 324 550
324 551 550
551 324 552
324 389 552
553 552 389
265 553 389
390 553 265
554 555 556
555 554 557
558 555 557
555 558 559
555 559 556
558 560 559
559 561 556
561 559 562
563 561 562
557 554 564
554 556 565
554 565 566
565 567 566
567 568 566
568 567 569
562 570 563
570 571 563
572 570 562
573 572 562
572 574 570
570 575 571
570 574 575
574 576 575
574 577 576
577 578 576
577 579 578
575 580 571
575 581 580
581 582 580
583 581 575
583 584 581
581 584 582
584 585 582
585 586 582
585 587 586
586 587 588
589 586 588
586 589 590
591 586 590
586 591 582
591 580 582
592 590 589
592 589 593
588 594 589
594 593 589
594 595 593
592 593 596
596 593 595
592 597 590
592 596 597
598 599 583
599 600 583
599 601 600
575 598 583
602 603 604
603 605 604
602 604 606
607 602 606
607 606 608
609 607 608
609 608 610
611 609 610
610 612 611
613 605 603
614 613 603
615 613 614
616 615 614
617 615 616
618 617 616
619 617 618
620 619 618
621 619 620
622 623 624
625 624 623
626 625 623
627 625 626
628 627 626
623 629 626
629 630 626
628 626 630
631 630 629
632 631 629
633 628 630
633 630 634
634 630 631
635 625 627
635 624 625
622 624 636
636 624 637
636 637 638
637 639 638
639 640 638
641 631 632
642 641 632
643 641 642
644 643 642
641 645 631
645 646 631
634 631 646
643 647 641
647 645 641
643 648 647
648 649 647
648 650 649
644 651 643
652 651 644
653 652 644
654 652 653
655 654 653
643 651 656
657 643 656
658 657 656
659 657 658
651 660 656
660 651 652
652 661 660
662 661 652
663 662 652
662 663 664
663 665 664
665 666 664
666 667 664
666 668 667
654 655 669
655 670 669
669 670 671
671 670 672
671 672 673
674 671 673
675 676 677
676 678 677
679 676 675
680 679 675
681 679 680
682 683 684
559 685 562
562 685 573
685 559 560
686 687 688
689 690 691
689 691 692
691 693 692
693 691 694
691 690 694
695 693 694
690 696 694
694 696 697
696 698 697
692 699 689
689 700 690
689 701 700
700 701 702
701 703 702
703 704 702
705 697 698
706 705 698
705 707 697
707 708 697
707 705 709
705 706 710
705 710 709
709 710 711
712 709 711
713 712 711
712 713 714
710 706 715
710 715 716
716 715 717
718 710 716
718 716 719
716 717 719
719 717 720
720 717 721
720 721 722
722 721 723
721 724 723
724 721 725
721 726 725
721 717 726
726 717 715
727 724 725
727 728 724
728 729 724
729 723 724
729 728 730
727 731 728
731 730 728
727 732 731
733 718 734
734 735 736
718 735 734
710 718 733
737 738 739
738 740 739
739 740 741
740 742 741
743 741 742
744 743 742
743 744 745
744 746 745
745 746 747
737 748 738
748 749 738
749 748 750
751 749 750
752 751 750
753 751 752
754 753 752
755 753 754
756 755 754
757 755 756
758 759 760
760 759 761
762 760 761
761 763 762
763 764 762
765 760 762
766 765 762
762 764 766
766 767 765
767 768 765
764 769 766
769 770 766
770 767 766
771 763 761
771 761 759
758 772 759
772 773 759
772 774 773
774 775 773
775 774 776
767 777 768
777 778 768
777 779 778
779 780 778
781 777 767
782 781 767
770 782 767
781 783 777
783 779 777
784 779 783
785 784 783
784 785 786
780 779 787
787 788 780
788 789 780
788 790 789
790 791 789
779 792 787
779 793 792
793 794 792
795 794 793
792 796 787
796 788 787
788 796 797
788 797 798
799 788 798
799 798 800
801 799 800
801 800 802
800 803 802
802 803 804
790 805 791
805 806 791
805 807 806
807 808 806
808 807 809
807 810 809
811 812 813
812 814 813
811 815 812
815 816 812
817 816 815
818 819 820
694 697 821
697 708 821
821 695 694
822 823 824
