byte offset: 0
first index: 0
index count: 4302
topology: trianglelist
format: DXGI_FORMAT_R16_UINT

0 1 2
0 2 3
1 4 2
2 4 5
2 5 6
6 5 7
8 1 0
8 4 1
9 4 8
9 10 4
11 10 9
8 0 12
3 13 0
0 13 12
14 12 13
14 15 12
14 16 15
15 16 17
13 18 14
13 19 18
18 19 20
18 20 21
20 22 21
20 23 22
13 24 19
20 19 24
13 25 24
20 24 26
26 23 20
26 27 23
27 28 23
23 28 29
29 28 30
31 30 28
31 28 32
27 33 28
32 28 33
32 33 34
35 32 34
36 32 35
37 36 35
37 35 38
35 34 39
38 35 39
38 39 40
41 37 38
41 38 42
42 43 41
42 44 43
43 44 45
46 31 32
36 46 32
47 31 46
47 48 31
48 47 49
48 49 50
50 49 51
50 51 52
52 51 53
51 54 53
49 54 51
49 55 54
49 47 56
49 56 55
56 47 46
56 46 36
45 44 57
57 44 42
57 42 58
42 38 58
38 59 58
38 60 59
60 61 59
60 62 61
61 62 63
61 63 64
64 63 65
66 62 60
63 62 66
66 60 40
60 38 40
63 66 67
65 63 67
68 69 70
68 70 71
72 68 71
72 71 73
69 74 70
69 75 74
72 73 76
72 76 77
77 76 78
79 74 75
79 75 80
79 80 81
79 81 82
83 82 81
83 81 84
85 83 84
85 84 86
87 85 86
87 86 88
87 88 89
87 89 90
89 91 90
89 92 91
92 93 94
92 94 95
94 93 96
97 98 99
99 100 97
99 101 100
99 98 102
99 102 103
103 102 104
105 106 101
105 107 106
108 107 105
109 110 106
109 106 111
112 109 111
112 113 109
114 113 112
114 112 115
114 115 116
114 116 117
118 117 116
118 119 117
120 119 118
120 121 119
120 122 121
123 122 120
123 120 124
125 122 123
125 126 122
125 127 126
125 128 127
127 128 129
127 129 130
130 129 131
132 123 133
132 133 134
132 134 135
136 137 138
138 137 139
138 139 140
140 139 141
140 141 142
143 144 145
143 145 146
146 147 143
146 148 147
147 148 149
150 149 148
150 151 149
150 152 151
152 153 151
152 154 153
148 155 150
148 156 155
157 147 149
157 149 151
153 157 151
153 158 157
159 158 153
159 160 158
160 159 161
159 162 161
153 154 162
153 162 159
155 156 163
155 163 164
163 165 164
164 165 166
164 166 167
163 168 165
168 166 165
168 169 166
166 170 167
166 171 170
171 166 169
172 170 171
172 171 173
174 173 171
171 169 174
174 175 173
173 176 172
173 175 177
163 178 168
163 179 178
179 180 178
179 181 180
181 182 180
181 183 182
184 185 183
184 186 185
187 188 184
189 190 191
190 192 191
190 193 192
194 192 193
194 193 195
194 195 196
194 196 197
197 196 198
197 198 199
199 198 200
201 202 203
201 203 204
203 202 205
206 207 208
206 208 209
210 209 208
210 211 209
211 212 209
211 213 212
212 214 209
206 209 214
212 215 214
208 216 210
217 212 213
215 212 217
217 213 22
23 217 22
29 217 23
215 217 29
218 219 220
221 219 222
221 222 223
224 225 226
224 226 227
227 226 228
229 230 231
229 231 232
232 231 233
145 144 234
145 234 235
235 234 236
110 237 238
110 238 101
239 110 101
3 25 13
240 241 242
240 242 243
243 242 244
242 245 244
242 246 245
246 247 245
248 240 243
248 243 244
249 248 244
249 244 250
251 249 250
248 252 240
241 240 253
240 252 253
254 253 252
254 252 255
254 255 256
255 257 256
253 254 258
253 258 259
258 260 259
258 261 260
260 261 262
260 262 263
253 259 264
260 264 259
253 264 265
260 266 264
266 260 263
266 263 267
267 263 268
263 269 268
269 270 268
271 268 270
271 272 268
267 268 273
272 273 268
272 274 273
275 274 272
276 275 272
277 275 276
277 278 275
275 279 274
278 279 275
278 280 279
281 278 277
281 282 278
282 281 283
282 283 284
283 285 284
286 272 271
276 272 286
287 286 271
287 271 288
288 289 287
288 290 289
290 291 289
290 292 291
292 293 291
291 293 294
289 291 294
289 294 295
289 295 296
289 296 287
296 286 287
296 276 286
285 297 284
297 282 284
297 298 282
282 298 278
278 298 299
278 299 300
300 299 301
300 301 302
301 303 302
301 304 303
304 305 303
306 300 302
303 306 302
306 280 300
300 280 278
303 307 306
305 307 303
308 309 310
308 310 311
312 309 308
312 313 309
311 310 314
311 314 315
312 316 313
312 317 316
317 318 316
319 315 314
319 320 315
319 321 320
319 322 321
323 321 322
323 324 321
325 324 323
325 326 324
327 326 325
327 328 326
327 329 328
327 330 329
329 330 331
329 331 332
332 333 334
332 334 335
334 336 335
337 338 339
338 337 340
338 340 341
338 342 339
338 343 342
343 344 342
345 341 346
345 346 347
348 345 347
349 350 346
349 346 351
352 350 349
352 349 353
354 352 353
354 355 352
354 356 355
354 357 356
358 356 357
358 357 359
360 358 359
360 359 361
360 361 362
363 360 362
363 364 360
365 363 362
365 362 366
365 366 367
365 367 368
367 369 368
367 370 369
370 371 369
372 373 363
372 374 373
372 375 374
376 377 378
377 379 378
377 380 379
380 381 379
380 382 381
383 384 385
383 385 386
384 383 387
384 387 388
387 389 388
390 388 389
390 389 391
390 391 392
392 391 393
392 393 394
388 390 395
388 395 396
397 391 389
397 389 387
393 391 397
393 397 398
399 393 398
399 398 400
400 401 399
399 401 402
393 399 402
393 402 394
395 403 396
395 404 403
403 404 405
404 406 405
404 407 406
403 405 408
408 405 406
408 406 409
406 407 410
406 410 411
411 409 406
412 411 410
412 413 411
414 411 413
411 414 409
414 413 415
413 412 416
413 417 415
403 408 418
403 418 419
419 418 420
419 420 421
421 420 422
421 422 423
424 423 425
424 425 426
427 424 428
429 430 431
431 430 432
431 432 433
434 433 432
434 435 433
434 436 435
434 437 436
437 438 436
437 439 438
439 440 438
441 442 443
441 443 444
443 445 444
446 447 448
446 449 447
450 447 449
450 449 451
451 449 452
451 452 453
452 449 454
446 454 449
452 454 455
447 450 456
457 453 452
455 457 452
457 262 453
263 262 457
269 263 457
455 269 457
458 459 460
461 462 460
461 463 462
464 465 466
464 466 467
465 468 466
469 470 471
469 471 472
470 473 471
385 474 475
385 475 386
474 476 475
351 341 477
351 477 478
479 341 351
241 253 265
480 481 482
480 482 483
483 484 480
483 485 484
482 481 486
482 486 487
486 488 487
486 489 488
490 488 489
484 485 491
492 493 494
492 494 495
493 492 496
493 496 497
494 498 495
494 499 498
498 499 500
498 500 501
502 501 500
496 503 497
504 505 506
504 506 507
508 507 506
506 509 508
506 510 509
508 509 511
508 511 512
512 513 508
508 513 507
512 514 513
515 513 514
515 514 516
517 514 512
517 518 514
518 516 514
519 517 512
519 512 511
505 504 520
505 520 521
522 521 520
522 520 523
524 521 522
524 522 525
518 526 516
520 527 523
523 527 528
523 528 529
530 529 528
530 531 529
531 530 532
531 532 533
534 533 532
534 532 535
536 534 535
536 535 537
538 536 537
538 537 539
540 538 539
540 539 541
542 540 541
542 541 543
544 542 543
544 543 545
546 544 545
546 545 547
548 546 547
548 547 549
550 541 539
550 551 541
543 541 551
543 551 552
552 545 543
553 550 539
554 550 553
555 554 553
554 555 556
555 557 556
555 558 557
554 556 559
558 555 560
558 560 561
555 553 562
554 563 550
563 551 550
559 563 554
561 564 558
561 565 564
530 565 561
565 530 528
565 528 566
564 565 566
530 561 532
566 528 527
566 527 567
568 567 527
520 568 527
504 568 520
504 569 568
507 569 504
507 570 569
570 507 513
570 513 515
568 571 567
569 571 568
571 572 567
571 573 572
574 573 571
569 574 571
570 574 569
574 575 573
576 572 573
576 573 577
577 573 575
575 574 578
570 578 574
575 578 579
580 578 570
580 570 515
581 575 579
577 575 581
581 579 582
578 580 583
578 583 579
584 583 580
584 580 585
515 585 580
585 586 584
585 587 586
516 587 585
516 588 587
588 516 526
588 526 589
588 589 590
588 590 591
588 591 592
588 592 587
593 586 587
593 587 592
584 586 594
584 594 595
595 583 584
515 516 585
596 594 586
596 586 593
596 593 597
596 597 598
599 598 597
599 597 600
601 594 596
601 602 594
602 595 594
603 602 601
601 604 603
601 605 604
596 598 605
596 605 601
606 604 605
606 605 607
598 599 607
598 607 605
603 608 602
607 609 606
607 610 609
610 607 599
610 599 611
611 599 600
612 602 608
612 608 613
614 612 613
614 613 615
615 616 614
615 617 616
618 616 617
618 619 616
619 618 620
619 620 621
614 616 582
619 582 616
614 582 622
612 614 622
623 621 620
623 624 621
624 623 625
624 625 626
626 576 624
626 627 576
628 626 625
628 629 626
628 630 629
629 630 557
629 557 631
631 632 627
631 564 632
564 566 632
628 633 630
634 627 626
634 626 629
631 557 558
631 558 564
572 576 627
572 627 632
632 567 572
632 635 567
636 633 628
636 628 637
556 557 638
556 638 639
640 641 638
640 642 641
643 641 642
643 642 644
645 643 644
643 645 646
643 646 559
559 556 641
559 641 643
645 644 647
648 645 647
648 647 649
649 650 648
649 651 650
652 646 645
652 645 648
653 646 652
653 563 646
559 646 563
652 654 653
652 655 654
655 652 648
655 648 650
656 655 650
656 650 657
651 657 650
563 653 551
552 551 653
552 653 654
658 656 657
659 656 658
659 660 656
655 656 660
655 660 654
660 659 661
660 661 662
654 660 662
654 662 552
662 661 547
662 547 545
552 662 545
658 657 663
663 657 664
663 664 665
665 666 663
665 667 666
663 666 668
663 668 658
669 665 664
669 664 670
670 664 651
651 664 657
670 651 671
671 651 649
671 649 672
673 672 649
673 649 647
674 673 647
674 647 644
675 674 644
675 644 642
667 610 666
666 610 611
666 611 668
676 668 611
611 600 676
676 677 668
677 658 668
677 659 658
678 659 677
678 661 659
549 661 678
549 547 661
679 549 678
680 549 679
680 548 549
679 678 681
681 678 677
681 677 676
681 676 600
681 600 682
597 682 600
597 683 682
683 597 593
683 593 592
684 683 592
684 682 683
684 592 591
682 684 685
681 685 679
685 681 682
686 680 679
686 679 685
591 687 684
591 590 687
688 686 685
685 689 688
689 685 684
687 689 684
689 690 688
690 689 687
590 691 687
590 692 691
589 692 590
589 693 692
526 693 589
526 694 693
695 694 526
695 526 518
518 696 695
518 517 696
697 696 517
697 517 519
698 688 690
699 698 690
699 690 700
687 691 700
687 700 690
688 698 701
701 686 688
701 702 686
680 686 702
680 702 703
703 548 680
703 704 548
704 546 548
704 705 546
544 546 705
544 705 706
542 544 706
542 706 707
540 542 707
540 707 708
538 540 708
538 708 709
536 538 709
536 709 710
710 534 536
710 711 534
711 533 534
711 712 533
713 533 712
713 531 533
531 713 714
531 714 529
529 714 523
523 714 715
523 715 522
522 715 716
522 716 525
717 718 716
719 718 717
719 717 720
717 721 720
717 722 721
723 720 721
723 721 724
724 725 723
724 726 725
727 725 726
725 727 728
725 728 729
727 730 728
727 731 730
731 727 732
727 726 732
731 732 733
734 733 732
734 735 733
736 731 733
736 733 737
737 733 735
738 730 731
738 731 736
723 725 510
737 735 739
740 734 732
740 732 726
726 741 740
742 739 735
742 743 739
742 744 743
742 745 744
735 746 742
735 747 746
734 747 735
747 748 746
747 749 748
742 746 750
742 750 745
751 750 746
751 746 748
740 741 752
741 753 752
752 753 754
752 754 755
753 756 754
757 754 756
757 758 754
758 755 754
753 759 756
760 759 753
760 761 759
721 761 760
721 722 761
722 762 761
722 763 762
764 762 763
764 763 765
765 766 764
765 767 766
768 766 767
768 769 766
770 769 768
770 771 769
772 771 770
772 773 771
774 773 772
774 775 773
776 775 774
776 777 775
778 777 776
778 779 777
780 779 778
780 781 779
782 781 780
782 783 781
784 773 775
784 775 785
777 785 775
777 786 785
786 777 779
787 771 773
787 773 784
788 787 784
789 787 788
788 790 789
789 790 791
789 791 792
788 793 790
792 794 789
792 795 794
789 796 787
796 771 787
788 784 797
797 784 785
793 788 797
795 792 798
795 798 799
764 795 799
799 762 764
799 800 762
798 800 799
764 766 795
800 761 762
800 759 761
798 801 800
802 801 798
802 798 792
802 803 801
795 766 769
795 769 794
796 769 771
801 756 759
756 801 803
801 759 804
802 805 803
805 757 803
756 803 757
805 806 757
806 805 807
806 807 808
809 807 805
809 805 810
802 810 805
810 802 791
810 791 811
809 810 811
809 811 812
808 813 806
808 814 813
815 813 814
815 814 816
816 817 815
816 818 817
819 817 818
819 820 817
820 821 817
815 817 821
820 822 821
820 819 823
820 823 824
824 822 820
824 823 825
824 825 826
827 826 825
827 828 826
828 827 829
828 829 830
831 830 829
831 832 830
828 833 826
828 834 833
834 828 830
832 831 835
832 835 836
836 837 832
836 838 837
839 830 832
839 832 837
834 830 839
837 840 839
834 839 840
837 841 840
838 841 837
834 840 751
834 751 748
834 748 833
749 833 748
749 842 833
838 843 841
826 833 842
826 842 824
824 842 822
842 749 844
842 844 822
749 845 844
846 844 845
845 740 846
845 734 740
740 752 846
755 846 752
755 847 846
846 847 844
822 844 847
848 847 755
848 821 847
822 847 821
758 848 755
734 845 747
749 747 845
815 821 848
813 815 848
813 848 758
758 806 813
758 757 806
505 849 729
505 729 506
849 505 521
849 521 524
561 560 535
561 535 532
562 537 535
562 553 537
553 539 537
612 622 595
602 612 595
595 622 583
622 579 583
622 582 579
619 581 582
621 581 619
621 577 581
577 621 624
577 624 576
850 851 603
850 603 604
604 606 852
604 852 853
854 608 603
854 855 608
856 857 606
856 606 609
858 613 608
858 859 613
859 615 613
859 860 615
860 617 615
860 861 617
618 617 861
618 861 862
863 618 862
863 620 618
864 620 863
864 623 620
865 623 864
865 625 623
866 625 865
866 628 625
867 868 642
867 642 640
609 667 869
609 869 870
667 609 610
665 871 667
665 669 871
872 873 874
872 874 875
873 876 874
873 877 876
878 872 875
877 879 876
877 880 879
881 878 875
881 875 882
883 881 882
884 883 882
884 882 885
886 884 885
887 886 885
887 885 888
889 887 888
890 889 888
890 888 891
880 892 879
880 893 892
893 894 892
894 895 892
894 896 895
896 897 895
896 898 897
898 899 897
898 900 899
900 901 899
901 902 899
901 903 902
903 904 902
892 895 905
892 905 906
899 902 907
902 908 907
902 909 908
904 910 909
910 891 909
910 911 891
904 909 912
899 907 913
897 899 913
897 913 914
895 897 914
895 914 905
906 905 915
907 908 915
913 907 915
914 913 915
905 914 915
916 906 915
879 906 916
876 879 916
876 916 917
917 916 915
918 917 915
919 918 915
920 918 919
920 874 918
882 920 919
882 919 921
921 919 915
885 882 921
885 921 922
922 921 915
888 885 922
888 922 923
923 922 915
891 888 923
891 923 924
925 891 924
925 924 926
926 924 915
924 923 915
911 890 927
928 876 929
928 929 930
879 892 906
723 510 931
931 720 723
931 719 720
724 721 760
724 760 741
726 724 741
741 760 753
932 933 934
932 934 797
933 932 935
933 935 936
797 785 932
786 935 932
786 932 785
933 937 934
938 934 937
938 793 934
793 797 934
937 939 938
938 939 940
938 940 941
793 938 941
942 941 940
942 943 941
937 944 939
945 944 937
945 946 944
946 945 947
936 947 945
948 947 936
948 949 947
946 947 950
950 947 949
933 945 937
793 941 790
790 951 943
790 943 791
952 949 948
953 952 948
953 948 954
954 955 953
954 956 955
956 781 955
956 779 781
952 957 949
957 958 949
950 949 958
957 959 958
959 957 960
959 960 961
957 952 962
957 962 960
963 958 959
963 964 958
935 956 954
935 786 956
786 779 956
936 935 954
936 954 948
964 950 958
964 965 950
965 946 950
965 966 946
967 946 966
967 944 946
961 960 836
961 836 835
835 968 961
835 969 968
936 945 933
970 835 831
970 831 971
829 972 831
829 973 972
974 829 827
974 827 975
976 827 825
976 825 977
977 825 823
977 823 978
978 823 819
978 819 979
979 819 818
979 818 980
816 980 818
816 981 980
982 981 816
982 816 814
983 982 814
983 814 808
984 983 808
984 808 807
985 984 807
985 807 809
986 985 809
986 809 942
802 792 791
843 838 962
843 962 987
960 962 838
960 838 836
987 962 952
987 952 953
988 987 953
988 953 955
783 988 955
783 955 781
989 988 783
990 989 783
990 783 782
989 991 988
991 843 987
991 987 988
991 841 843
991 992 841
840 841 992
840 992 993
993 751 840
993 750 751
994 750 993
994 993 992
994 745 750
992 995 994
991 989 995
995 992 991
996 995 989
996 989 990
745 994 997
745 997 744
998 995 996
995 998 999
999 994 995
997 994 999
999 998 1000
1000 997 999
744 997 1001
744 1001 1002
743 744 1002
743 1002 1003
739 743 1003
739 1003 1004
1005 739 1004
1005 737 739
737 1005 1006
737 1006 736
697 736 1006
697 738 736
1007 1000 998
1008 1000 1007
1008 1009 1000
997 1000 1009
997 1009 1001
998 1010 1007
1010 998 996
1010 996 1011
990 1011 996
990 1012 1011
1012 990 782
1012 782 1013
1013 782 780
1013 780 1014
778 1014 780
778 1015 1014
776 1015 778
776 1016 1015
774 1016 776
774 1017 1016
772 1017 774
772 1018 1017
770 1018 772
770 1019 1018
1019 770 768
1019 768 1020
1020 768 767
1020 767 1021
1022 1021 767
1022 767 765
765 1023 1022
765 763 1023
763 722 1023
722 1024 1023
722 717 1024
717 716 1024
1025 812 940
1025 940 1026
1027 940 939
1027 939 1028
1028 939 944
1028 944 1029
959 961 1030
959 1030 963
1031 1032 1033
1031 1033 1034
1034 1033 1035
1034 1035 1036
1037 1032 1031
1036 1035 1038
1036 1038 1039
1040 1032 1037
1040 1041 1032
1042 1041 1040
1043 1041 1042
1043 1044 1041
1045 1044 1043
1046 1044 1045
1046 1047 1044
1048 1047 1046
1049 1047 1048
1049 1050 1047
1039 1038 1051
1039 1051 1052
1052 1051 1053
1053 1051 1054
1053 1054 1055
1055 1054 1056
1055 1056 1057
1057 1056 1058
1057 1058 1059
1059 1058 1060
1060 1058 1061
1060 1061 1062
1062 1061 1063
1051 1064 1054
1051 1065 1064
1058 1066 1061
1061 1066 1067
1061 1067 1068
1063 1069 1068
1063 1068 1070
1070 1068 1050
1070 1050 1071
1058 1072 1066
1056 1072 1058
1056 1073 1072
1054 1064 1073
1054 1073 1056
1065 1074 1064
1066 1074 1067
1072 1074 1066
1073 1074 1072
1064 1074 1073
1075 1074 1065
1038 1075 1065
1035 1075 1038
1035 1076 1075
1076 1074 1075
1077 1074 1076
1078 1074 1077
1079 1078 1077
1079 1077 1033
1041 1078 1079
1041 1080 1078
1080 1074 1078
1044 1080 1041
1044 1081 1080
1081 1074 1080
1047 1081 1044
1047 1082 1081
1082 1074 1081
1050 1082 1047
1050 1083 1082
1084 1083 1050
1084 1085 1083
1085 1074 1083
1083 1074 1082
1071 1086 1049
1087 1088 1089
1087 1089 1035
1038 1065 1051
