byte offset: 0
first index: 0
index count: 4554
topology: trianglelist
format: DXGI_FORMAT_R16_UINT

0 1 2
1 3 2
0 2 4
5 0 4
6 5 4
7 6 4
1 8 3
8 9 3
10 6 7
11 10 7
9 8 12
8 13 12
12 13 14
13 15 14
15 16 14
16 17 14
17 16 18
16 19 18
18 19 20
19 21 20
20 21 22
21 23 22
22 23 24
23 25 24
24 25 26
25 27 26
27 28 26
28 29 26
28 30 29
30 31 29
30 32 31
32 33 31
32 34 33
34 35 33
35 34 36
34 37 36
37 38 36
38 39 36
38 40 39
40 41 39
40 42 41
42 43 41
42 10 43
10 11 43
44 45 46
45 47 46
45 44 48
49 45 48
49 48 50
51 49 50
46 47 52
47 53 52
51 50 54
55 51 54
52 53 56
53 57 56
56 57 58
57 59 58
58 59 60
59 61 60
61 62 60
62 63 60
62 64 63
64 65 63
64 66 65
66 67 65
66 68 67
68 69 67
68 70 69
70 71 69
71 70 72
70 73 72
72 73 74
73 75 74
74 75 76
75 77 76
76 77 78
77 79 78
79 80 78
80 81 78
80 82 81
82 83 81
82 84 83
84 85 83
84 86 85
86 87 85
86 55 87
55 54 87
74 76 88
76 78 88
83 85 88
78 81 88
87 54 88
81 83 88
85 87 88
54 50 88
50 48 88
48 44 88
44 46 88
46 52 88
52 56 88
56 58 88
58 60 88
60 63 88
63 65 88
65 67 88
67 69 88
69 71 88
71 72 88
72 74 88
89 90 91
90 92 91
93 90 89
94 93 89
94 95 93
95 96 93
91 92 97
92 98 97
95 99 96
99 100 96
97 98 101
102 97 101
102 101 103
104 102 103
104 103 105
103 106 105
105 106 107
108 105 107
108 107 109
110 108 109
110 109 111
112 110 111
112 111 113
114 112 113
114 113 115
116 114 115
116 115 117
115 118 117
117 118 119
118 120 119
119 120 121
120 122 121
121 122 123
122 124 123
123 124 125
126 123 125
126 125 127
125 128 127
127 128 129
128 130 129
129 130 131
130 132 131
131 132 99
132 100 99
133 134 135
134 136 135
137 136 134
138 137 134
139 137 138
140 139 138
133 135 141
142 133 141
143 139 140
144 143 140
142 141 145
146 142 145
146 145 147
148 146 147
148 147 149
150 148 149
150 149 151
149 152 151
151 152 153
152 154 153
153 154 155
154 156 155
155 156 157
156 158 157
157 158 159
158 160 159
159 160 161
162 159 161
162 161 163
164 162 163
164 163 165
166 164 165
166 165 167
168 166 167
168 167 169
167 170 169
169 170 171
170 172 171
171 172 173
172 174 173
173 174 175
174 176 175
175 176 144
176 143 144
163 177 165
165 177 167
172 177 174
167 177 170
176 177 143
170 177 172
174 177 176
143 177 139
139 177 137
137 177 136
136 177 135
135 177 141
141 177 145
145 177 147
147 177 149
149 177 152
152 177 154
154 177 156
156 177 158
158 177 160
160 177 161
161 177 163
178 179 180
179 181 180
182 181 179
183 182 179
182 183 184
183 185 184
180 186 178
186 187 178
178 187 188
187 189 188
184 185 190
185 191 190
191 185 192
193 191 192
187 186 194
195 187 194
195 194 196
197 195 196
196 198 197
198 199 197
200 199 198
201 200 198
200 201 202
201 203 202
197 199 204
205 197 204
195 197 205
206 202 203
207 206 203
206 207 208
207 209 208
208 210 206
210 211 206
202 206 211
212 208 209
213 212 209
212 213 214
212 214 215
216 212 215
212 216 208
216 210 208
216 217 210
217 218 210
211 210 218
218 217 219
217 220 219
219 220 221
220 222 221
221 222 223
222 224 223
224 222 225
226 224 225
223 227 221
227 228 221
219 221 228
229 226 225
230 229 225
231 229 230
232 231 230
233 231 232
234 233 232
235 233 234
236 235 234
237 235 236
238 237 236
239 237 238
240 239 238
234 241 236
241 242 236
238 236 242
243 238 242
238 243 240
230 244 232
245 244 230
245 246 244
246 247 244
247 246 215
248 247 215
249 247 248
250 249 248
244 247 251
247 249 251
251 249 241
249 252 241
241 252 242
249 250 252
246 245 217
245 220 217
222 220 245
225 222 245
225 245 230
244 251 232
232 251 234
251 241 234
248 215 214
253 248 214
250 248 253
214 254 253
213 254 214
254 255 253
256 253 255
257 256 255
258 256 257
256 258 250
256 250 253
258 259 250
258 257 260
261 258 260
259 258 261
261 260 262
260 263 262
264 259 261
264 265 259
265 252 259
250 259 252
265 264 266
264 267 266
262 267 261
267 264 261
268 267 262
269 268 262
262 263 269
252 265 242
266 243 265
243 242 265
270 263 260
271 270 260
272 271 260
257 272 260
273 272 257
255 273 257
274 273 255
254 274 255
274 254 275
254 213 275
275 213 276
213 209 276
276 209 207
277 276 207
277 207 203
278 277 203
278 203 201
279 278 201
201 198 279
198 280 279
281 280 198
196 281 198
282 281 196
194 282 196
283 282 194
186 283 194
283 186 180
284 283 180
284 180 181
285 284 181
285 181 286
181 182 286
286 182 287
182 184 287
287 184 190
288 287 190
288 190 289
190 290 289
290 190 191
291 290 191
292 290 291
293 292 291
294 292 293
269 294 293
293 291 295
296 293 295
293 296 269
292 294 297
298 292 297
292 298 290
298 289 290
296 268 269
268 296 299
300 268 299
300 299 301
302 300 301
302 301 303
240 302 303
240 303 304
239 240 304
263 294 269
297 294 263
266 300 302
243 266 302
243 302 240
266 267 300
267 268 300
270 297 263
305 303 301
306 305 301
306 301 299
307 305 306
308 307 306
308 306 309
310 308 309
310 311 308
311 312 308
308 312 307
312 311 313
311 314 313
313 315 312
313 316 315
316 317 315
317 316 318
319 317 318
315 320 312
312 320 307
318 316 321
316 322 321
314 322 313
322 316 313
314 311 192
323 314 192
323 324 314
324 322 314
324 188 322
188 321 322
319 318 325
326 319 325
327 326 325
328 327 325
328 325 329
321 329 318
329 325 318
330 328 329
317 319 331
319 332 331
327 333 326
333 334 326
326 334 319
334 332 319
335 333 327
336 335 327
337 335 336
338 337 336
339 337 338
340 339 338
339 340 341
340 342 341
340 343 342
340 338 343
343 344 342
338 345 343
345 338 336
346 343 345
347 346 345
346 347 348
349 346 348
350 349 348
227 350 348
349 350 351
352 349 351
346 349 352
346 353 343
353 344 343
353 346 352
227 348 228
348 354 228
348 347 354
228 354 355
355 219 228
354 356 355
355 356 357
356 358 357
356 359 358
359 360 358
357 358 361
211 357 361
354 362 356
362 359 356
360 359 363
359 364 363
362 365 359
365 364 359
364 365 336
366 364 336
364 366 363
360 363 204
367 360 204
361 358 367
358 360 367
366 368 363
204 363 368
345 365 362
365 345 336
347 345 362
347 362 354
368 366 328
330 368 328
336 327 366
327 328 366
367 204 199
200 367 199
205 204 368
361 367 200
202 361 200
361 202 211
330 369 368
369 205 368
369 330 189
330 329 189
369 195 205
189 329 321
188 189 321
189 187 369
187 195 369
188 324 178
324 179 178
324 323 179
323 183 179
183 323 185
323 192 185
357 211 218
357 218 355
218 219 355
193 192 311
310 193 311
193 310 295
310 309 295
295 291 193
291 191 193
295 309 296
309 299 296
309 306 299
315 317 370
317 331 370
315 370 371
320 315 371
320 371 372
307 320 372
373 307 372
307 373 305
373 374 305
305 374 303
374 304 303
372 375 373
375 376 373
373 376 374
370 331 377
378 370 377
331 332 377
332 379 377
332 334 379
334 380 379
380 334 381
334 333 381
382 381 333
335 382 333
383 382 335
337 383 335
384 383 337
339 384 337
385 384 339
341 385 339
385 341 386
387 386 341
386 387 388
389 386 388
389 388 390
391 389 390
342 387 341
392 387 342
387 392 388
344 392 342
392 393 388
390 388 393
393 392 394
395 393 394
395 394 396
394 397 396
397 398 396
398 399 396
351 398 397
352 351 397
352 397 394
394 392 353
392 344 353
353 352 394
391 390 400
401 391 400
401 400 402
402 400 403
400 404 403
403 404 405
404 406 405
402 403 407
403 408 407
408 403 405
409 407 408
410 409 408
409 410 411
410 412 411
411 412 413
414 413 412
415 414 412
416 411 413
410 408 417
417 408 405
418 410 417
410 418 412
418 415 412
414 415 419
415 420 419
420 415 421
415 418 421
417 422 418
422 421 418
407 409 423
423 409 424
409 411 424
416 425 411
425 424 411
426 413 414
427 426 414
426 427 428
429 426 428
430 426 429
431 430 429
426 430 413
430 416 413
416 432 425
416 430 432
430 433 432
433 430 431
434 433 431
422 435 421
435 436 421
435 437 436
437 438 436
438 439 436
439 440 436
440 439 441
442 440 441
437 435 443
435 444 443
435 422 444
422 445 444
442 441 446
447 442 446
442 447 419
447 448 419
449 443 444
450 449 444
451 449 450
452 451 450
451 452 453
452 454 453
453 454 455
456 453 455
455 457 456
457 458 456
454 452 459
452 460 459
452 450 460
458 457 461
462 458 461
461 463 462
463 464 462
463 461 465
461 466 465
466 461 457
464 463 467
468 464 467
468 467 469
469 467 470
467 471 470
465 471 463
471 467 463
471 465 472
465 473 472
473 465 466
472 473 474
475 472 474
475 474 476
477 475 476
477 476 478
479 477 478
477 479 480
479 481 480
399 478 476
482 399 476
476 474 482
481 483 480
483 484 480
483 485 484
485 486 484
485 487 486
487 488 486
487 489 488
489 490 488
489 491 490
491 492 490
491 493 492
493 494 492
495 488 490
496 495 490
490 492 496
492 497 496
497 492 494
498 484 486
498 499 484
500 499 498
501 500 498
500 501 470
501 502 470
501 503 502
503 504 502
503 501 505
501 498 505
503 505 495
506 503 495
506 495 496
504 503 506
499 500 472
475 499 472
475 477 499
477 480 499
499 480 484
505 498 486
505 486 488
495 505 488
470 502 469
502 507 469
502 504 507
508 469 507
508 468 469
509 508 507
507 510 509
510 511 509
512 511 510
510 504 512
504 510 507
504 513 512
514 511 512
515 514 512
515 512 513
514 515 516
517 514 516
518 515 513
519 518 513
506 519 513
513 504 506
518 519 520
521 518 520
518 521 515
521 516 515
521 522 516
522 523 516
517 516 523
519 506 496
496 497 519
497 520 519
517 524 514
524 525 514
525 526 514
526 511 514
526 527 511
527 509 511
527 528 509
528 508 509
528 529 508
529 468 508
529 530 468
530 464 468
464 530 462
530 531 462
462 531 458
531 532 458
458 532 456
532 533 456
456 533 453
533 534 453
534 535 453
535 451 453
535 536 451
536 449 451
536 537 449
537 443 449
437 443 537
538 437 537
438 437 538
539 438 538
438 539 540
439 438 540
439 540 541
441 439 541
446 441 541
542 446 541
446 542 543
544 446 543
446 544 447
544 545 447
544 546 545
546 547 545
546 548 547
548 523 547
545 547 549
547 550 549
550 547 523
551 548 546
552 551 546
546 544 552
544 543 552
522 550 523
550 522 553
522 554 553
553 554 555
554 556 555
555 556 557
556 494 557
557 494 558
494 493 558
548 517 523
548 551 517
554 520 556
520 497 556
556 497 494
522 521 554
521 520 554
551 524 517
557 431 555
431 429 555
555 429 553
429 428 553
558 434 557
434 431 557
558 493 559
493 560 559
561 560 493
491 561 493
491 489 561
489 562 561
489 487 562
487 563 562
487 485 563
485 564 563
564 485 483
565 564 483
565 483 481
566 565 481
567 566 481
479 567 481
479 478 567
478 568 567
478 399 568
568 399 569
399 398 569
569 398 570
398 351 570
351 350 570
350 571 570
350 227 571
227 572 571
223 572 227
573 572 223
224 573 223
573 224 226
574 573 226
575 574 226
229 575 226
576 575 229
231 576 229
576 231 577
231 233 577
577 233 578
233 235 578
578 235 579
235 237 579
237 239 579
239 580 579
580 239 581
239 304 581
582 581 304
374 582 304
376 582 374
217 216 246
216 215 246
583 584 585
584 586 585
585 586 587
588 585 587
466 588 587
586 589 587
586 590 589
590 482 589
474 589 482
584 591 586
591 590 586
583 592 584
592 593 584
593 594 584
594 591 584
390 594 593
595 390 593
593 592 595
592 596 595
474 473 589
473 587 589
587 473 466
590 396 482
396 399 482
591 395 590
395 396 590
594 393 591
393 395 591
594 390 393
404 595 596
406 404 596
390 595 400
595 404 400
596 592 459
459 592 583
597 459 583
597 583 585
588 597 585
454 459 597
455 454 597
455 597 588
460 596 459
457 455 588
588 466 457
460 598 596
598 406 596
406 598 445
405 406 445
450 598 460
417 405 445
422 417 445
450 444 598
444 445 598
599 407 423
599 600 407
600 402 407
600 401 402
599 423 601
601 423 424
602 601 424
603 599 601
600 599 603
602 424 604
424 425 604
605 600 603
425 606 604
606 607 604
401 600 608
600 605 608
608 609 401
609 391 401
609 610 391
610 389 391
610 611 389
611 386 389
611 385 386
425 432 606
432 612 606
612 432 433
613 612 433
613 433 434
614 613 434
614 434 558
559 614 558
419 420 442
420 440 442
436 440 420
421 436 420
419 448 414
448 427 414
427 448 549
428 427 549
545 549 448
447 545 448
428 549 550
553 428 550
470 471 500
471 472 500
371 370 615
370 378 615
616 371 615
617 616 615
372 371 616
375 372 616
618 619 620
619 621 620
619 622 621
618 620 623
624 618 623
623 625 624
625 626 624
625 627 626
627 628 626
628 627 629
630 628 629
629 631 630
631 632 630
631 633 632
620 634 623
635 634 620
635 620 636
637 635 636
638 639 640
639 641 640
640 641 642
639 638 643
638 644 643
645 643 644
646 645 644
645 646 647
646 648 647
647 648 649
648 650 649
649 650 651
650 652 651
651 652 653
639 643 654
655 639 654
655 656 639
657 656 655
658 659 660
659 661 660
661 659 662
659 663 662
662 663 664
658 660 665
666 658 665
665 667 666
667 668 666
669 668 667
670 669 667
671 669 670
672 671 670
672 673 671
673 674 671
673 675 674
675 676 674
675 677 676
677 678 676
673 679 675
675 679 677
672 670 680
681 672 680
673 672 681
682 673 681
679 673 682
667 683 670
683 680 670
679 684 677
685 679 682
684 679 685
686 684 685
684 686 687
686 688 687
688 689 687
678 690 676
690 678 691
678 692 691
693 691 692
694 693 692
695 693 694
696 684 687
684 696 677
677 696 697
696 698 697
698 696 687
698 687 689
698 699 697
698 689 700
700 699 698
697 699 701
699 702 701
702 699 703
699 704 703
699 700 704
705 702 703
705 703 706
704 707 703
707 706 703
701 678 697
678 677 697
700 689 708
708 689 688
709 710 711
710 712 711
710 713 712
713 714 712
715 713 710
716 715 710
717 715 716
709 718 710
718 716 710
716 718 717
711 712 719
712 720 719
712 714 720
714 721 720
719 720 722
720 723 722
720 721 723
721 724 723
722 723 725
723 724 726
725 723 726
724 727 726
725 726 728
726 729 728
726 727 729
728 729 730
731 728 730
730 732 731
732 733 731
732 734 733
735 734 732
734 735 736
737 734 736
736 738 737
738 739 737
739 738 740
741 742 743
743 742 744
745 743 744
745 744 746
747 745 746
747 746 748
748 746 749
748 749 750
751 752 753
752 754 753
752 751 755
755 751 756
757 755 756
758 752 755
754 759 753
753 760 751
760 753 761
761 762 760
762 763 760
760 763 751
763 756 751
753 764 761
762 761 765
761 766 765
761 764 766
765 766 767
768 767 766
764 768 766
769 755 757
758 755 769
770 769 757
771 758 769
772 769 770
773 772 770
771 769 774
769 772 774
772 667 774
667 772 773
683 667 773
775 776 777
776 778 777
777 778 779
778 780 779
778 781 780
776 782 778
782 783 778
783 781 778
784 775 777
784 777 779
783 782 785
781 783 785
782 786 785
787 781 785
785 788 787
788 789 787
789 788 790
791 789 790
790 788 792
786 792 785
792 788 785
790 793 791
793 794 791
793 795 794
795 796 794
795 797 796
797 798 796
797 799 798
799 800 798
801 800 799
800 801 802
801 803 802
803 804 802
804 805 802
805 804 806
807 805 806
807 806 808
801 809 803
809 810 803
810 809 811
812 810 811
813 812 811
807 808 814
808 815 814
816 814 815
817 816 815
808 818 815
815 818 817
816 819 814
819 820 814
805 807 820
820 807 814
820 819 821
820 821 822
820 822 805
802 805 822
823 802 822
823 824 802
802 824 800
800 824 825
798 800 825
796 798 825
826 796 825
796 826 794
826 827 794
827 828 794
828 791 794
828 829 791
829 789 791
789 829 787
829 830 787
787 830 781
830 831 781
781 831 780
831 832 780
780 832 779
832 833 779
833 834 779
834 835 779
834 836 835
836 837 835
837 836 838
839 840 841
840 842 841
840 843 842
843 844 842
845 844 843
846 847 848
849 850 851
850 852 851
849 851 853
850 854 852
854 855 852
854 856 855
856 857 855
858 859 860
860 859 861
859 862 861
861 862 863
862 864 863
865 866 867
866 868 867
866 865 869
870 866 869
869 871 870
867 868 872
868 873 872
874 872 873
875 874 873
875 876 874
876 877 874
876 878 877
878 879 877
880 879 878
881 880 878
882 880 881
883 882 881
882 883 884
883 885 884
880 882 886
882 884 886
877 879 887
879 888 887
888 879 880
889 888 880
889 880 886
874 877 890
877 887 890
884 891 886
892 889 886
886 891 892
891 893 892
891 894 893
894 895 893
895 894 896
885 883 897
897 898 885
898 899 885
898 900 899
900 901 899
902 901 900
891 903 894
891 884 903
884 904 903
905 903 904
903 905 894
905 896 894
906 905 904
905 907 896
907 905 906
906 904 908
909 906 908
910 906 909
906 910 911
906 911 907
912 910 909
912 913 910
911 910 914
914 910 913
884 885 904
885 908 904
907 915 896
915 895 896
916 917 918
917 919 918
918 919 920
919 921 920
918 920 922
923 918 922
924 923 922
916 918 925
918 923 925
923 924 925
917 926 919
926 927 919
919 927 921
927 928 921
926 929 927
929 930 927
927 930 928
930 931 928
929 932 930
930 933 931
932 933 930
933 934 931
932 935 933
933 935 936
933 936 934
936 935 937
935 938 937
939 937 938
940 939 938
939 940 941
942 939 941
943 942 941
944 943 941
943 944 945
944 946 945
946 947 945
948 949 950
951 950 949
952 951 949
951 952 953
952 954 953
954 955 953
955 956 953
955 957 956
958 959 960
959 961 960
958 960 962
963 958 962
964 963 962
960 965 962
961 959 966
959 958 967
959 967 968
968 967 969
967 970 969
967 958 970
958 963 970
971 959 968
968 969 972
973 968 972
968 973 971
972 974 973
975 973 974
973 975 971
962 976 964
962 965 976
976 977 964
965 978 976
976 979 977
979 980 977
979 976 981
976 978 981
979 981 874
980 979 874
890 980 874
982 983 984
983 985 984
985 983 986
987 985 986
985 987 988
984 985 989
985 990 989
990 985 988
991 983 982
991 986 983
990 992 989
992 990 988
992 993 989
994 992 988
995 992 994
996 995 994
997 995 996
998 997 996
997 999 995
993 992 999
992 995 999
1000 997 998
1001 1000 998
1002 1000 1001
1003 1002 1001
1004 1002 1003
1005 1004 1003
1006 1004 1005
1007 1006 1005
1008 1006 1007
1008 1007 1009
1010 1008 1009
1010 1009 1011
1009 1012 1011
1011 1012 1013
1012 1014 1013
1014 1015 1013
1016 1008 1010
1017 1016 1010
1018 1016 1017
1019 1018 1017
1020 1018 1019
1014 1021 1015
1021 1022 1015
1022 1021 1023
1024 1022 1023
1015 1022 1025
1022 1024 1025
1023 1021 1026
1021 1027 1026
1012 1027 1014
1027 1021 1014
1027 1028 1026
1027 1029 1028
1027 1012 1029
1012 1009 1029
1009 1030 1029
1030 1009 1031
1009 1007 1031
1032 1031 1007
1005 1032 1007
1005 1003 1032
1003 1033 1032
1033 1003 1001
1034 1033 1001
1034 1001 1035
1001 998 1035
1035 998 1036
998 996 1036
1036 996 994
1037 1036 994
1037 994 988
1038 1037 988
1038 988 987
1039 1038 987
987 986 1039
986 1040 1039
1041 1040 986
1042 1041 986
1041 1042 1043
1042 1044 1043
1044 1045 1043
1046 1047 1048
1047 1049 1048
1050 1047 1046
1051 1050 1046
1052 1050 1051
1053 1054 1055
1056 1057 1058
1057 1059 1058
1059 1060 1058
1061 1057 1056
1062 1061 1056
1063 1061 1062
1064 1063 1062
1065 1066 1067
1067 1066 1068
1069 1067 1068
1069 1068 1070
1071 1069 1070
