byte offset: 0
first index: 0
index count: 4134
topology: trianglelist
format: DXGI_FORMAT_R16_UINT

0 1 2
0 2 3
3 2 4
3 4 5
6 5 4
6 4 7
7 4 8
2 8 4
7 8 9
9 8 10
9 10 11
12 11 10
12 10 13
14 13 10
14 10 15
8 15 10
16 14 15
16 15 17
18 14 16
18 19 14
19 13 14
20 12 13
20 13 21
19 21 13
15 22 17
15 23 22
8 23 15
22 23 2
22 2 1
2 23 8
24 25 26
24 26 27
27 26 28
27 28 29
30 29 28
30 28 31
32 33 34
32 34 35
33 36 34
33 37 36
38 36 37
38 39 36
39 40 36
34 36 40
39 41 40
41 42 40
41 43 42
44 42 43
44 45 42
46 42 45
46 47 42
40 42 47
48 47 46
48 49 47
50 48 46
50 46 51
51 46 45
52 45 44
52 53 45
51 45 53
47 49 54
47 54 55
40 47 55
54 34 55
54 35 34
34 40 55
56 57 58
56 58 59
57 60 58
57 61 60
62 60 61
62 63 60
64 65 66
64 66 67
66 68 67
66 69 68
70 65 64
70 71 65
72 71 70
72 73 71
74 73 72
74 75 73
70 64 76
70 76 77
76 78 77
76 79 78
78 80 77
80 72 70
80 70 77
78 81 80
82 79 76
64 67 82
64 82 76
82 83 79
84 74 72
81 85 84
81 84 86
84 72 86
67 87 82
87 83 82
67 68 87
87 88 83
89 90 91
89 91 92
92 91 93
92 93 94
93 95 94
93 96 95
97 98 99
97 99 100
99 98 101
99 101 102
103 97 100
103 100 104
105 103 104
105 104 106
107 105 106
107 106 108
103 109 97
103 110 109
109 110 111
109 111 112
111 110 113
113 110 103
113 103 105
111 113 114
115 109 112
97 109 115
97 115 98
115 112 116
117 105 107
114 118 117
117 118 105
114 117 119
98 115 120
120 115 116
98 120 101
120 116 121
122 123 124
122 124 125
123 126 124
123 127 126
126 127 128
126 128 129
130 131 132
130 132 133
134 133 132
134 135 133
131 130 136
131 136 137
130 133 138
130 138 136
133 135 139
133 139 138
140 131 137
140 137 141
141 142 140
141 143 142
144 142 143
142 144 145
142 145 146
146 140 142
147 146 145
147 148 146
144 149 145
144 150 149
149 150 151
149 151 152
153 149 152
153 147 145
153 145 149
153 152 154
150 144 155
150 155 151
144 143 155
147 156 148
147 157 156
158 156 157
158 157 159
159 157 160
159 160 161
160 162 161
160 163 162
164 163 160
164 160 157
164 165 163
161 162 166
161 166 159
164 157 147
159 166 167
159 167 158
158 167 168
158 168 169
158 169 170
158 170 156
170 148 156
170 171 148
148 171 172
148 172 146
146 172 140
131 140 172
131 172 132
171 132 172
171 134 132
170 134 171
170 173 134
134 173 174
175 174 173
175 173 176
176 173 170
176 170 169
168 176 169
134 174 177
176 178 175
176 179 178
175 178 180
175 180 174
174 180 181
174 181 177
168 179 176
182 181 183
182 183 184
184 183 185
184 185 186
187 184 186
187 186 188
189 187 188
189 190 187
190 182 184
190 184 187
191 188 186
191 186 192
185 192 186
193 191 192
193 192 194
195 193 194
196 193 195
196 197 193
195 194 198
199 195 198
199 200 195
201 199 198
201 198 202
203 200 199
203 204 200
204 196 195
204 195 200
154 203 199
154 199 201
205 202 198
205 198 194
192 205 194
205 206 202
207 202 206
207 206 208
208 206 209
208 209 210
211 208 210
211 210 212
212 210 209
165 207 208
165 208 211
209 206 213
205 213 206
209 213 214
215 209 214
212 209 215
215 214 216
214 217 216
214 218 217
213 218 214
213 219 218
220 219 213
220 213 205
192 220 205
218 221 217
218 222 221
219 222 218
221 222 223
223 222 224
219 224 222
223 224 225
225 224 226
226 224 219
226 219 220
225 226 227
221 223 228
228 223 225
228 225 229
229 225 227
229 227 181
185 220 192
230 191 193
230 193 197
230 188 191
230 189 188
231 232 233
231 233 234
234 235 231
234 236 235
236 237 235
236 238 237
239 238 236
239 240 238
241 240 239
241 242 240
243 240 242
243 244 240
240 244 245
240 245 238
235 237 246
235 246 247
244 248 245
249 245 248
249 237 238
249 238 245
246 237 249
249 248 250
250 248 251
250 251 252
252 251 253
251 254 253
251 255 254
248 255 251
253 254 256
253 256 257
257 258 253
252 253 258
257 259 258
259 260 258
259 261 260
258 260 262
258 262 252
263 256 254
263 254 264
255 264 254
255 265 264
264 266 263
264 267 266
267 264 265
267 268 266
267 269 268
270 269 267
267 265 270
270 271 269
272 270 265
272 273 270
273 271 270
268 269 274
268 274 275
273 276 271
269 271 276
269 276 274
277 266 268
277 263 266
277 268 278
275 278 268
277 279 263
279 256 263
279 280 256
280 257 256
280 281 257
281 259 257
281 282 259
275 283 278
282 261 259
282 284 261
285 261 284
261 285 286
261 286 260
260 286 287
286 288 287
286 289 288
289 286 285
260 287 262
262 287 290
262 290 291
291 252 262
291 250 252
292 250 291
292 249 250
246 249 292
293 292 291
293 291 290
294 293 290
294 290 295
295 290 287
295 287 288
296 293 294
296 297 293
297 246 292
297 292 293
298 246 297
298 247 246
294 295 299
300 299 295
301 299 300
301 302 299
302 301 303
304 303 301
305 303 304
305 306 303
304 301 307
300 307 301
308 305 304
308 304 309
309 304 307
309 310 308
311 308 310
311 305 308
311 310 312
309 313 310
314 310 313
314 312 310
314 313 315
316 312 314
316 317 312
311 312 317
309 307 318
318 313 309
311 319 305
306 305 319
320 319 311
319 320 321
319 321 322
320 311 323
311 317 323
324 322 321
324 321 325
326 324 325
326 325 327
328 326 327
328 327 329
326 328 330
326 330 331
331 324 326
332 328 329
332 329 333
331 330 334
335 334 330
335 330 336
328 332 336
328 336 330
334 335 337
334 337 338
339 334 338
331 334 339
339 338 340
341 338 337
341 342 338
342 340 338
340 343 339
340 302 343
302 303 343
306 343 303
306 344 343
339 343 344
339 344 331
337 335 345
337 345 346
346 345 347
345 348 347
345 349 348
346 347 350
349 345 335
349 335 336
351 349 336
351 336 332
352 351 332
351 352 353
351 353 354
354 348 349
354 349 351
352 332 333
331 344 324
355 353 352
355 356 353
352 333 357
352 357 355
357 333 358
357 358 359
359 358 360
359 360 361
361 362 359
361 363 362
363 364 362
365 362 364
365 366 362
355 357 366
359 362 366
359 366 357
364 367 365
364 368 367
369 368 364
363 369 364
369 370 368
371 367 368
371 368 372
372 368 370
361 360 325
361 325 373
363 361 373
373 325 321
373 321 374
375 374 321
375 321 320
320 376 375
320 323 376
376 377 375
376 378 377
376 379 378
376 380 379
381 378 379
381 379 382
383 382 379
383 379 380
383 384 382
316 383 380
316 380 317
376 323 317
376 317 380
378 381 385
378 385 377
377 385 386
377 386 387
385 388 386
385 389 388
381 389 385
381 390 389
390 381 382
391 386 388
388 392 391
388 393 392
393 388 389
391 394 386
387 386 394
395 389 390
393 389 395
395 390 396
387 394 397
370 394 391
370 369 394
369 397 394
369 363 397
374 387 397
387 374 375
387 375 377
374 397 373
363 373 397
393 398 392
393 399 398
399 393 395
400 370 391
400 391 392
395 396 401
395 401 402
403 399 402
403 404 399
398 399 404
405 404 403
406 405 403
407 405 406
407 408 405
409 408 407
409 410 408
410 409 411
410 411 412
413 410 412
413 412 414
415 408 410
415 410 413
408 415 416
408 416 405
405 416 404
417 415 413
417 413 418
418 413 414
419 417 418
419 418 420
421 412 411
421 422 412
414 412 422
414 422 423
422 421 424
422 424 425
425 423 422
425 424 426
425 426 427
428 425 427
425 428 423
428 427 429
430 423 428
430 428 431
431 428 429
426 274 427
426 275 274
432 420 418
433 420 432
243 433 432
243 434 433
241 433 434
241 435 433
433 436 420
435 436 433
435 437 436
437 438 436
437 439 438
439 440 438
439 441 440
432 418 442
418 414 442
419 420 436
419 436 438
440 419 438
440 443 419
443 417 419
443 444 417
444 415 417
444 416 415
445 437 435
445 446 437
446 439 437
446 445 447
445 448 447
445 449 448
450 448 449
450 451 448
239 450 449
450 239 236
450 236 234
234 451 450
239 449 241
234 233 451
435 241 449
435 449 445
446 447 452
453 446 452
453 452 454
455 453 454
455 454 456
453 455 441
453 441 439
446 453 439
441 455 457
441 457 458
458 440 441
458 459 440
459 443 440
459 460 443
461 460 459
461 462 460
462 463 460
462 398 463
460 463 444
460 444 443
416 444 463
416 463 404
398 404 463
462 392 398
462 400 392
461 400 462
461 372 400
372 461 464
464 461 459
464 459 458
372 464 371
372 370 400
465 371 464
464 457 465
466 465 457
466 457 467
464 458 457
465 468 371
466 468 465
367 371 468
367 468 469
367 469 470
469 471 470
470 471 472
470 472 473
469 474 471
367 470 365
473 365 470
473 366 365
355 366 473
356 355 473
356 473 472
475 469 468
475 476 469
466 477 468
478 479 480
478 480 481
479 478 482
479 482 483
484 479 483
484 483 485
486 485 483
486 487 485
487 488 485
487 489 488
479 484 490
479 490 480
491 490 484
491 484 492
493 480 490
493 494 480
494 481 480
495 493 490
495 490 491
493 495 496
493 496 497
494 493 497
497 496 498
497 498 499
500 499 498
500 498 501
502 499 500
503 502 500
502 503 504
502 504 505
503 500 506
501 506 500
502 507 499
505 507 502
503 508 504
503 509 508
506 509 503
506 510 509
511 510 506
501 511 506
511 512 510
512 513 510
512 514 513
505 515 507
516 515 505
516 517 515
518 517 516
516 519 518
516 520 519
505 520 516
518 521 517
517 522 515
507 515 522
517 523 522
521 523 517
521 524 523
525 523 524
525 522 523
525 524 526
526 527 525
528 525 527
525 528 522
528 529 522
528 494 529
528 527 481
494 528 481
494 497 529
499 529 497
499 507 529
507 522 529
526 530 527
530 531 527
531 481 527
530 532 531
532 533 531
478 531 533
531 478 481
478 533 482
532 534 533
534 535 533
535 482 533
534 536 535
535 536 537
535 537 538
538 539 535
535 539 482
539 483 482
539 486 483
540 486 539
538 540 539
540 541 486
541 487 486
541 542 487
542 489 487
542 543 489
544 489 543
544 543 545
489 544 546
544 547 546
544 548 547
545 548 544
489 546 488
549 488 546
549 546 550
547 550 546
551 549 550
492 549 551
492 484 549
551 550 552
549 484 485
549 485 488
545 553 548
554 545 543
554 555 545
555 553 545
547 548 556
547 556 557
558 547 557
552 550 558
547 558 550
558 557 559
560 558 559
552 558 560
560 559 561
561 559 562
561 562 563
564 562 559
564 559 557
562 564 565
562 565 566
566 563 562
567 564 557
567 557 556
556 568 567
569 567 568
568 570 569
568 571 570
569 572 567
572 565 564
572 564 567
573 571 568
556 573 568
573 556 548
573 548 553
574 573 553
555 574 553
574 575 573
573 575 571
569 570 576
569 576 577
577 572 569
578 577 576
578 579 577
580 579 578
580 581 579
582 581 580
582 583 581
581 583 584
583 585 584
586 584 585
586 587 584
583 588 585
318 585 588
318 588 589
590 589 588
590 588 583
590 583 582
318 591 585
586 585 591
592 591 318
592 318 307
300 592 307
592 593 591
586 591 593
593 594 586
594 587 586
593 285 594
285 284 594
595 594 284
594 595 587
595 284 596
597 595 596
597 587 595
597 596 598
597 598 599
597 599 600
592 289 593
289 285 593
601 597 600
597 601 587
601 600 602
600 599 603
600 603 604
602 600 604
604 603 605
604 605 566
606 587 601
606 601 602
606 584 587
581 584 606
607 581 606
606 602 607
608 607 602
602 604 608
566 608 604
608 609 607
607 579 581
579 607 609
579 609 577
577 609 572
565 572 609
565 609 608
566 565 608
566 605 563
610 611 612
610 612 613
611 520 612
611 519 520
612 520 504
612 504 508
508 613 612
508 614 613
509 614 508
509 615 614
510 615 509
510 513 615
505 504 520
610 613 616
610 616 617
617 616 618
617 618 619
620 619 618
620 621 619
621 620 622
620 623 622
620 624 623
624 620 618
624 625 623
624 626 625
626 624 627
616 627 618
624 618 627
626 627 628
628 629 626
628 630 629
626 629 631
626 631 625
629 632 631
633 631 632
633 632 634
635 633 634
635 634 636
629 637 632
637 629 630
628 627 638
628 638 639
630 628 639
630 639 640
641 630 640
637 630 641
641 640 642
642 640 513
642 513 514
636 643 635
635 643 644
635 644 645
645 633 635
636 646 643
646 647 643
646 648 647
649 644 643
649 643 647
650 644 649
650 651 644
645 644 651
649 652 650
649 653 652
647 653 649
647 654 653
655 653 654
655 654 656
656 654 657
656 657 658
650 652 659
650 659 660
660 651 650
661 652 653
661 653 655
658 657 662
658 662 663
663 664 658
663 665 664
663 662 666
663 666 667
665 663 667
668 662 657
668 657 654
668 669 662
666 662 669
670 669 668
648 670 668
648 668 647
670 671 669
668 654 647
665 667 672
673 664 665
673 665 674
674 665 672
666 675 667
666 676 675
677 676 666
671 677 669
666 669 677
677 678 676
679 678 677
671 679 677
679 680 678
680 681 678
680 682 681
683 676 678
683 678 681
681 684 683
681 685 684
685 681 682
686 675 676
686 676 683
675 686 687
688 687 686
687 688 689
687 689 690
688 686 691
691 686 683
691 683 684
692 687 690
675 687 692
692 667 675
692 672 667
693 672 692
674 672 693
693 692 694
692 690 694
688 695 689
688 696 695
696 688 691
697 695 696
697 696 698
699 697 698
699 698 700
701 699 700
701 700 702
700 703 702
702 703 704
705 704 703
705 703 706
702 704 707
390 707 704
390 708 707
709 707 708
709 701 702
709 702 707
390 704 396
705 396 704
700 710 703
710 706 703
711 710 700
711 700 698
712 705 706
401 705 712
705 401 396
401 712 713
713 712 714
715 714 712
712 706 715
715 716 714
717 716 715
717 715 706
717 718 716
717 719 718
717 720 719
713 714 406
406 403 713
721 720 717
717 706 721
710 721 706
721 722 720
723 722 711
723 711 724
720 725 719
720 726 725
722 723 726
722 726 720
726 727 725
726 685 727
685 726 723
698 724 711
698 696 724
696 691 724
710 711 722
710 722 721
684 723 724
684 724 691
685 723 684
685 682 727
248 728 255
244 728 248
728 729 255
729 265 255
729 272 265
728 730 729
244 730 728
244 243 730
432 730 243
432 442 730
442 731 730
442 414 731
731 414 423
731 423 430
306 319 322
322 344 306
322 324 344
300 295 288
288 592 300
288 289 592
732 299 302
732 302 340
342 732 340
294 299 732
296 294 732
296 732 342
342 733 296
342 341 733
733 297 296
733 298 297
733 734 298
733 735 734
735 733 341
247 298 734
247 734 736
231 247 736
736 232 231
736 737 232
734 737 736
231 235 247
735 341 738
337 738 341
337 346 738
739 734 735
739 740 734
734 741 737
742 738 743
742 743 744
745 735 746
745 746 742
747 542 541
747 541 748
543 542 747
543 747 554
541 749 748
541 540 749
540 750 749
540 538 750
538 751 750
538 537 751
318 589 313
589 315 313
589 590 315
752 753 754
752 754 645
645 754 633
631 633 754
631 754 625
625 754 753
625 753 623
622 623 753
622 753 755
645 651 752
752 651 756
752 756 757
757 755 753
757 753 752
757 758 755
757 759 758
759 757 756
760 622 755
760 755 758
621 622 760
759 756 761
761 756 660
660 756 651
761 660 762
762 660 659
762 659 763
763 659 764
763 764 765
764 766 765
764 767 766
767 764 661
767 661 768
768 661 655
768 655 769
769 655 656
769 656 770
770 656 658
770 658 664
764 659 652
764 652 661
771 769 770
664 771 770
771 772 769
664 673 771
767 773 766
767 774 773
768 774 767
768 775 774
769 772 775
769 775 768
616 638 627
638 616 613
638 613 614
639 638 614
639 614 615
640 639 615
640 615 513
431 429 276
427 276 429
427 274 276
776 777 426
776 426 424
776 424 421
776 421 778
778 421 411
778 411 779
779 411 409
779 409 780
780 409 407
780 407 781
275 426 777
275 777 283
781 407 406
781 406 714
399 395 402
402 401 713
402 713 403
390 382 708
708 382 384
708 384 709
782 457 455
782 455 456
783 784 785
783 785 786
786 785 787
786 787 788
788 787 789
788 789 790
791 784 783
791 792 784
785 784 793
785 793 794
787 785 794
794 793 795
794 795 796
797 794 796
789 787 797
787 794 797
797 796 798
799 797 798
789 797 799
799 798 800
793 801 795
793 802 801
802 803 801
802 804 803
792 804 802
804 805 803
792 806 804
806 805 804
784 792 802
784 802 793
806 807 805
808 807 806
809 807 808
809 810 807
808 806 811
812 810 809
812 813 810
814 813 812
814 815 813
816 815 814
816 817 815
818 817 816
818 819 817
820 819 818
820 821 819
813 815 822
813 822 823
810 813 823
823 822 824
823 824 825
822 826 824
822 827 826
815 817 827
815 827 822
827 828 826
827 829 828
817 819 829
817 829 827
829 800 828
829 830 800
819 821 830
819 830 829
831 823 825
831 825 832
805 831 832
807 831 805
807 810 831
810 823 831
833 834 835
833 835 836
837 834 833
837 838 834
839 838 837
839 840 838
836 835 841
836 841 842
841 843 842
841 844 843
845 843 844
845 844 846
847 845 846
847 846 848
849 847 848
849 848 850
851 849 850
851 850 852
853 851 852
853 852 854
855 853 854
855 854 856
857 855 856
857 856 858
850 859 852
850 860 859
848 860 850
860 861 859
860 862 861
859 861 863
859 863 864
852 859 864
852 864 854
864 863 865
864 865 866
854 864 866
854 866 856
866 865 867
866 867 868
856 866 868
856 868 858
869 862 860
869 870 862
871 870 869
846 871 869
846 869 848
848 869 860
844 871 846
844 872 871
872 873 871
874 873 872
874 875 873
876 875 874
876 877 875
878 877 876
878 879 877
880 879 878
880 881 879
882 881 880
882 867 881
834 878 876
834 876 835
835 876 874
840 882 880
840 880 838
838 880 878
838 878 834
841 874 872
835 874 841
841 872 844
811 806 792
811 792 791
