byte offset: 0
first index: 0
index count: 2730
topology: trianglelist
format: DXGI_FORMAT_R16_UINT

0 1 2
0 2 3
4 0 3
4 5 0
2 1 6
1 7 6
1 8 7
2 6 9
5 4 10
5 10 11
11 12 5
11 13 12
14 9 6
14 6 7
14 15 9
16 15 14
16 14 17
18 16 17
18 17 19
19 20 18
19 21 20
17 14 22
14 7 22
17 22 23
19 17 23
24 20 21
24 21 25
25 26 24
25 27 26
27 25 28
27 28 29
30 27 29
26 27 30
30 29 31
26 30 32
32 30 33
32 33 34
35 34 33
35 36 34
35 37 36
35 38 37
38 35 39
38 39 40
38 41 37
38 42 41
40 42 38
41 42 43
41 43 44
40 45 42
46 45 40
46 47 45
46 48 47
46 49 48
50 48 49
50 49 51
50 51 52
50 53 48
54 48 53
54 55 48
55 47 48
52 51 56
52 56 57
58 57 56
58 56 59
60 58 59
60 59 61
62 60 61
62 61 63
64 55 54
64 65 55
66 65 64
66 67 65
61 59 68
61 68 69
69 63 61
59 56 70
59 70 68
68 70 71
68 71 31
31 69 68
72 71 70
72 39 71
69 73 63
74 63 73
74 73 75
73 76 75
73 28 76
77 74 75
77 75 78
76 78 75
79 77 78
79 78 80
80 81 79
80 82 81
83 80 78
76 83 78
83 23 80
23 82 80
84 74 77
84 85 74
86 85 84
84 87 86
84 88 87
88 84 77
88 77 79
89 87 88
87 89 90
87 90 91
86 87 91
89 92 90
89 93 92
93 89 94
89 88 94
95 94 81
93 94 95
95 81 96
86 97 85
97 62 85
97 98 62
99 98 97
99 100 98
86 91 101
101 99 97
96 102 95
96 103 102
95 102 104
95 104 93
105 103 96
96 106 105
107 105 106
107 106 108
108 106 109
108 109 110
111 108 110
111 110 112
112 113 111
112 114 113
115 114 112
115 12 114
8 115 112
8 112 110
108 111 116
108 116 107
117 116 111
117 111 113
106 82 109
106 81 82
96 81 106
115 5 12
115 0 5
115 8 1
115 1 0
13 114 12
13 118 114
113 114 118
116 117 119
107 116 119
107 119 120
105 107 120
105 120 121
105 121 103
118 13 122
118 122 123
124 122 13
125 122 124
126 125 124
125 126 127
125 127 128
126 124 129
125 130 122
130 125 128
123 122 130
130 128 131
132 130 131
123 130 132
132 131 133
131 128 43
131 43 134
134 133 131
133 67 132
133 65 67
134 43 42
134 42 45
45 135 134
135 65 133
134 135 133
45 47 135
55 135 47
135 55 65
44 43 128
44 128 127
136 44 127
137 136 127
137 127 126
136 138 44
138 41 44
138 139 41
126 140 137
126 129 140
129 141 140
129 10 141
142 141 10
142 10 4
4 143 142
4 3 143
143 3 2
143 2 144
144 2 9
144 9 145
145 9 15
145 15 146
146 15 16
146 16 147
16 148 147
16 18 148
149 148 18
149 18 20
123 150 151
152 151 150
151 152 153
152 150 154
118 123 151
151 155 118
151 153 155
155 153 156
155 113 118
113 155 156
113 156 117
117 156 157
150 123 132
150 132 67
154 150 67
154 67 66
117 157 119
158 152 154
158 154 159
159 154 66
159 66 160
64 160 66
64 161 160
54 161 64
54 162 161
53 162 54
53 163 162
53 164 163
53 50 164
52 164 50
52 165 164
165 52 57
165 57 166
167 166 57
167 57 58
168 167 58
168 58 60
60 169 168
60 62 169
169 62 98
169 98 170
170 98 100
170 100 171
85 62 63
85 63 74
172 171 173
172 173 174
175 174 173
175 176 174
176 177 174
176 178 177
179 178 176
179 180 178
180 179 181
180 181 182
183 182 181
181 184 183
181 185 184
179 185 181
183 184 186
183 186 187
187 188 183
183 188 182
187 189 188
189 190 188
189 191 190
179 192 185
191 189 193
191 193 194
189 187 195
189 195 193
191 196 190
191 197 196
197 191 194
198 196 197
198 199 196
199 200 196
199 201 200
202 201 199
202 203 201
203 202 204
203 204 205
206 203 205
206 205 207
208 201 203
208 203 206
199 198 209
199 209 202
210 204 202
210 202 209
196 200 211
196 211 190
212 190 211
212 213 190
213 212 214
213 214 215
215 214 216
215 216 217
217 216 218
218 216 219
219 216 214
218 219 220
217 218 221
222 221 218
222 223 221
177 221 223
177 223 224
224 223 225
224 225 226
226 225 227
226 227 228
229 228 227
229 227 230
231 229 230
231 230 232
231 232 233
231 233 234
235 234 233
235 233 236
237 235 236
237 236 238
239 237 238
239 238 240
241 233 232
241 242 233
236 233 242
241 243 242
241 244 243
236 242 245
243 245 242
245 238 236
243 246 245
247 241 232
244 241 247
247 232 230
248 247 230
247 248 249
250 249 248
250 251 249
247 249 252
244 247 252
253 244 252
253 252 254
249 254 252
225 250 248
223 250 225
223 222 250
251 250 222
225 248 227
248 230 227
254 255 253
254 256 255
254 257 256
254 258 257
249 258 254
259 257 258
259 258 260
249 251 260
249 260 258
260 251 261
251 222 261
260 261 262
262 261 220
262 220 263
263 264 262
264 259 260
264 260 262
263 265 264
265 263 266
265 266 267
268 267 266
268 269 267
269 268 270
269 270 271
271 270 272
271 272 273
270 274 272
270 275 274
268 275 270
272 276 273
272 277 276
278 276 277
278 277 279
280 278 279
280 281 278
282 281 280
282 280 283
279 277 284
272 274 284
272 284 277
279 284 208
283 285 282
283 286 285
286 283 207
286 207 287
206 207 283
206 283 280
206 280 279
206 279 208
284 201 208
284 200 201
287 207 205
287 205 288
274 200 284
274 211 200
275 211 274
275 212 211
289 212 275
289 214 212
219 214 289
268 289 275
266 219 289
266 289 268
219 266 263
219 263 220
204 288 205
290 288 204
291 288 290
288 291 292
292 291 293
294 293 291
291 295 294
291 290 295
290 296 295
204 296 290
294 297 293
204 210 296
210 298 296
293 299 292
293 240 299
297 240 293
300 299 240
299 300 301
299 301 302
292 299 302
300 240 238
302 301 303
301 304 303
301 246 304
246 301 300
302 303 305
305 303 306
305 306 307
307 308 305
307 309 308
305 308 310
305 310 302
246 311 304
312 304 311
253 312 311
253 255 312
312 313 304
313 306 303
313 303 304
244 253 311
244 311 243
246 243 311
314 307 306
314 306 315
315 306 313
316 313 312
315 313 316
316 312 317
309 286 308
309 285 286
309 318 285
319 285 318
319 282 285
282 319 320
282 320 281
320 278 281
320 321 278
321 276 278
321 322 276
322 273 276
322 323 273
323 271 273
323 324 271
271 324 325
271 325 269
326 269 325
326 267 269
70 56 51
70 51 72
72 51 49
72 49 46
40 72 46
40 39 72
71 39 35
71 35 33
71 33 30
71 30 31
31 29 69
29 73 69
29 28 73
76 28 25
76 25 21
21 83 76
21 19 83
19 23 83
23 22 82
22 109 82
22 7 109
7 110 109
7 8 110
79 81 94
79 94 88
101 97 86
93 104 327
93 327 92
328 327 104
328 104 329
104 330 329
104 102 330
331 330 102
331 102 103
332 331 103
332 103 121
121 333 332
121 120 333
120 334 333
120 119 334
119 335 334
119 157 335
157 336 335
157 337 336
337 157 156
156 338 337
338 156 153
153 339 338
339 153 152
339 152 158
340 341 342
340 342 343
344 340 343
344 343 345
346 344 345
346 345 347
348 346 347
348 349 346
349 348 350
349 350 351
351 350 352
351 352 353
353 352 354
353 354 355
129 124 11
129 11 10
124 13 11
197 194 356
197 356 357
197 357 198
198 357 358
198 358 209
209 358 210
210 358 298
357 359 358
357 360 359
356 360 357
356 361 360
361 356 194
361 194 362
362 194 193
362 193 363
195 363 193
195 364 363
328 364 195
328 195 365
187 365 195
187 186 365
358 359 366
358 366 298
298 366 367
298 367 368
296 368 369
369 295 296
295 369 370
370 294 295
370 371 294
371 297 294
371 372 297
372 239 297
297 239 240
372 373 239
237 239 373
237 373 374
235 237 374
235 374 375
234 235 375
234 375 376
234 376 377
234 377 231
229 231 377
229 377 378
378 228 229
378 379 228
380 228 379
380 226 228
381 226 380
381 224 226
224 381 382
224 382 177
382 174 177
382 172 174
178 221 177
178 217 221
180 217 178
180 215 217
182 215 180
182 213 215
213 182 188
213 188 190
261 222 218
261 218 220
288 292 310
292 302 310
288 310 287
308 287 310
308 286 287
192 179 176
192 176 175
383 384 385
383 385 386
387 384 383
387 388 384
389 388 387
389 390 388
391 390 389
391 389 392
392 393 391
392 394 393
394 395 393
394 396 395
396 397 395
396 398 397
309 399 318
307 399 309
307 314 399
245 300 238
246 300 245
368 296 298
400 401 402
400 402 403
402 401 404
402 404 405
406 405 404
406 407 405
406 408 407
406 409 408
400 403 410
400 410 411
411 410 412
411 412 413
414 413 412
414 415 413
408 409 416
417 418 419
417 419 420
420 419 421
420 421 422
423 418 417
423 424 418
425 424 423
425 426 424
427 426 425
427 428 426
429 428 427
429 430 428
431 430 429
431 432 430
421 433 422
434 432 431
434 435 432
436 437 438
436 438 439
440 437 436
440 441 437
442 441 440
442 443 441
444 443 442
444 445 443
446 445 444
439 438 447
439 447 448
448 447 449
448 449 450
450 449 451
450 451 452
453 443 445
454 455 456
454 456 457
454 458 455
457 456 459
457 459 460
461 460 459
461 462 460
463 462 461
464 465 466
464 466 467
466 468 467
466 469 468
470 468 469
470 469 471
470 471 472
470 472 473
464 474 465
464 475 474
475 476 474
475 477 476
478 476 477
478 477 479
472 480 473
481 482 483
481 483 484
482 485 483
482 486 485
487 481 484
487 484 488
489 487 488
489 488 490
491 489 490
491 490 492
493 491 492
493 492 494
495 493 494
495 494 496
485 486 497
498 499 496
498 496 500
501 502 503
501 503 504
505 501 504
505 504 506
507 505 506
507 506 508
509 507 508
509 508 510
511 509 510
502 512 503
502 513 512
513 514 512
513 515 514
515 516 514
515 517 516
518 510 508
519 520 521
519 521 522
519 522 523
520 524 521
520 525 524
526 524 525
526 525 527
528 526 527
529 530 531
531 530 532
532 533 531
534 533 532
531 535 529
536 529 535
535 537 536
536 537 538
539 538 537
537 540 539
539 540 541
541 540 542
542 540 543
543 544 542
543 545 544
545 546 544
545 547 546
546 547 548
547 549 548
547 550 549
549 550 551
551 550 552
553 551 552
552 554 553
553 554 555
555 554 556
556 554 557
557 558 556
558 557 559
559 560 558
560 559 561
561 562 560
534 562 561
561 533 534
563 564 565
565 566 563
567 566 565
568 566 567
568 567 569
563 570 564
563 571 570
571 572 570
571 573 572
574 572 573
573 575 574
574 575 576
576 575 577
577 578 576
578 577 579
578 579 580
580 579 581
580 581 582
583 568 569
583 584 568
585 582 581
584 583 586
585 587 586
581 587 585
586 587 584
579 588 581
581 588 587
584 588 568
587 588 584
577 588 579
575 588 577
568 588 566
566 588 563
563 588 571
571 588 573
573 588 575
589 590 591
590 592 591
592 590 593
594 592 593
590 589 595
596 595 589
595 596 597
596 598 597
599 597 598
597 599 600
599 601 600
601 602 600
602 603 600
603 602 604
603 604 605
605 604 606
605 606 607
606 608 607
607 608 609
607 609 610
609 611 610
611 612 610
613 612 611
612 613 614
613 615 614
615 616 614
616 617 614
617 616 618
618 619 617
619 618 620
620 621 619
621 620 622
594 621 622
621 594 593
623 624 625
624 623 626
627 624 626
628 627 626
628 629 627
623 625 630
623 630 631
631 630 632
631 632 633
634 633 632
633 634 635
634 636 635
636 637 635
637 636 638
638 639 637
638 640 639
640 641 639
640 642 641
643 629 628
643 628 644
645 641 642
644 646 643
645 646 647
641 645 647
646 644 647
639 641 648
641 647 648
647 644 648
633 635 648
637 639 648
635 637 648
644 628 648
628 626 648
626 623 648
623 631 648
631 633 648
