byte offset: 0
first index: 0
index count: 4068
topology: trianglelist
format: DXGI_FORMAT_R16_UINT

0 1 2
1 3 2
2 4 0
4 5 0
3 1 6
1 7 6
1 8 7
8 1 0
8 9 7
9 8 10
10 8 11
11 0 5
11 8 0
12 10 11
13 10 12
14 13 12
10 13 15
15 9 10
13 16 15
17 16 13
18 17 13
13 14 18
14 19 18
5 4 20
21 5 20
5 21 22
22 11 5
11 22 12
21 23 22
23 24 22
17 25 16
25 26 16
25 27 26
27 28 26
27 29 28
29 30 28
30 29 31
32 30 31
33 30 32
34 33 32
28 30 35
30 33 35
36 35 33
37 36 33
36 37 38
37 39 38
37 33 40
33 34 40
27 25 41
29 27 42
27 41 42
36 38 43
43 38 44
43 44 45
46 45 44
47 46 44
44 48 47
38 48 44
39 48 38
39 49 48
39 50 49
40 50 37
50 39 37
50 51 49
48 52 47
47 52 53
52 54 53
53 54 55
54 56 55
56 57 55
57 58 55
57 59 58
59 60 58
59 61 60
61 62 60
61 63 62
63 64 62
63 65 64
65 66 64
65 67 66
67 68 66
69 60 62
58 60 69
70 69 62
62 64 70
64 71 70
71 64 66
72 58 69
72 69 73
74 72 73
73 75 74
75 76 74
77 72 74
78 77 74
78 74 76
79 77 78
79 53 77
47 53 79
46 47 79
53 55 77
77 55 72
46 79 80
80 79 78
81 46 80
80 82 81
82 83 81
81 83 84
83 85 84
85 83 86
87 85 86
46 81 45
81 84 45
88 45 84
89 88 84
89 84 85
90 88 89
91 90 89
88 43 45
90 92 88
92 43 88
90 91 93
91 94 93
93 95 90
95 92 90
95 93 26
93 96 26
96 93 94
97 96 94
94 98 97
98 99 97
98 100 99
100 101 99
102 100 98
103 102 98
91 103 94
103 98 94
102 103 104
103 105 104
87 104 105
85 87 105
95 26 28
35 95 28
95 35 92
35 36 92
92 36 43
99 101 7
101 6 7
99 7 9
105 89 85
89 105 91
105 103 91
87 106 104
106 107 104
104 107 102
107 108 102
100 102 108
109 100 108
101 100 109
110 101 109
6 101 110
111 6 110
3 6 111
112 3 111
112 113 3
113 2 3
2 113 114
4 2 114
114 115 4
115 20 4
116 20 115
117 116 115
20 116 21
116 118 21
116 119 118
119 116 117
119 120 118
120 119 121
122 120 121
123 118 120
124 123 120
124 120 122
125 124 122
125 122 126
127 125 126
124 125 128
125 129 128
125 127 129
128 129 68
129 66 68
127 126 130
131 130 126
75 130 131
132 75 131
76 75 132
133 76 132
76 133 134
133 135 134
82 134 135
136 82 135
83 82 136
86 83 136
75 73 130
73 137 130
137 73 69
70 137 69
70 71 137
71 127 137
134 82 80
78 134 80
134 78 76
137 127 130
136 135 138
136 138 86
135 139 138
138 140 86
86 140 87
140 106 87
127 71 129
129 71 66
141 139 133
139 135 133
141 133 132
142 141 132
142 132 131
143 142 131
144 143 131
145 144 131
145 131 126
145 126 122
121 145 122
121 146 145
146 144 145
147 146 121
119 147 121
147 119 117
24 148 149
150 148 24
24 149 151
150 152 148
152 153 148
148 153 154
149 148 154
154 155 149
155 154 156
152 157 153
22 24 151
155 19 149
19 14 149
149 14 151
19 155 158
155 156 158
19 158 159
23 150 24
12 22 151
12 151 14
152 150 160
152 160 161
157 152 161
157 161 162
161 160 128
68 161 128
162 161 68
160 124 128
67 162 68
18 19 159
18 159 163
17 18 163
17 163 164
25 17 164
25 164 41
160 123 124
150 123 160
150 23 123
123 23 118
23 21 118
164 165 41
165 166 41
163 167 164
167 165 164
167 163 168
163 159 168
168 159 169
159 158 169
42 41 166
170 42 166
170 171 42
171 172 42
29 42 172
31 29 172
169 158 173
158 156 173
173 156 174
156 175 174
175 156 154
154 176 175
176 154 153
153 177 176
177 153 157
178 177 157
178 157 162
179 178 162
179 162 67
180 179 67
67 65 180
65 181 180
65 63 181
63 182 181
63 61 182
61 183 182
61 59 183
59 184 183
59 57 184
57 185 184
185 57 56
186 185 56
187 186 56
54 187 56
188 187 54
52 188 54
188 52 189
52 48 189
189 48 49
190 189 49
190 49 51
191 190 51
192 191 51
193 192 51
51 50 193
50 194 193
195 194 50
194 195 196
194 196 197
194 197 193
195 198 196
198 195 199
200 198 199
199 201 200
201 199 32
199 34 32
201 32 31
202 201 31
201 202 203
201 203 200
202 204 203
203 204 205
204 206 205
195 40 199
40 34 199
206 204 207
208 206 207
207 204 209
204 202 209
205 206 210
206 211 210
211 206 208
212 210 211
210 212 213
212 214 213
215 214 212
216 215 212
215 217 214
217 218 214
218 219 214
219 213 214
220 219 218
221 220 218
222 220 221
223 222 221
224 223 221
225 224 221
217 225 218
225 221 218
226 224 225
227 226 225
225 217 227
226 227 228
227 229 228
229 227 230
217 230 227
217 215 230
231 229 230
231 230 232
220 222 233
234 220 233
220 234 219
233 235 234
235 236 234
235 237 236
237 238 236
238 237 239
240 238 239
234 236 241
236 242 241
236 238 242
243 241 242
244 243 242
242 245 244
238 245 242
238 240 245
245 246 244
246 245 247
240 247 245
248 246 247
248 247 249
250 248 249
251 248 250
252 251 250
250 253 252
253 254 252
197 252 254
255 197 254
255 254 256
257 255 256
257 256 258
259 257 258
260 259 258
261 260 258
262 260 261
263 262 261
262 263 264
263 265 264
266 264 265
267 266 265
268 266 267
269 268 267
270 268 269
271 270 269
263 272 265
272 263 261
272 273 265
267 265 273
274 267 273
267 274 269
275 272 261
276 272 275
277 276 275
278 276 277
279 278 277
277 275 280
281 277 280
277 281 279
280 282 281
256 282 280
256 254 282
254 253 282
258 256 280
280 275 258
282 253 283
282 283 281
253 284 283
285 283 284
286 285 284
286 284 249
287 286 249
286 287 288
287 289 288
249 284 250
284 253 250
288 290 286
290 285 286
290 291 285
291 292 285
283 285 292
292 291 293
279 292 293
279 293 294
278 279 294
278 294 295
296 278 295
296 295 297
295 298 297
289 287 240
239 289 240
276 278 296
299 276 296
276 299 272
299 273 272
274 273 299
300 274 299
297 300 296
300 299 296
301 300 297
302 301 297
297 298 302
303 301 302
301 303 304
305 301 304
274 300 305
300 301 305
305 304 271
269 305 271
274 305 269
306 303 302
306 302 307
308 306 307
306 308 309
308 310 309
303 306 311
306 309 311
231 311 309
229 231 309
309 310 229
312 308 307
313 312 307
298 307 302
313 307 298
314 313 298
314 298 295
315 314 295
316 315 295
294 316 295
317 316 294
293 317 294
318 317 293
291 318 293
318 291 319
291 290 319
319 290 288
320 319 288
320 288 289
321 320 289
321 289 239
322 321 239
322 239 237
323 322 237
237 235 323
235 324 323
324 235 233
325 324 233
325 233 222
326 325 222
326 222 223
327 326 223
328 327 223
224 328 223
329 328 224
226 329 224
329 226 330
226 228 330
228 310 330
310 331 330
310 228 229
310 308 331
308 312 331
55 58 72
96 97 15
97 9 15
15 16 96
16 26 96
97 99 9
332 333 334
333 335 334
332 334 336
337 332 336
333 338 335
338 339 335
337 336 340
336 341 340
338 342 339
342 343 339
342 344 343
344 345 343
344 346 345
346 347 345
346 348 347
348 349 347
350 349 348
351 350 348
352 350 351
353 352 351
354 352 353
355 354 353
355 356 354
356 357 354
356 358 357
358 359 357
358 360 359
360 361 359
360 362 361
362 363 361
364 363 362
365 364 362
366 364 365
367 366 365
368 366 367
369 368 367
370 368 369
371 370 369
341 370 371
340 341 371
366 368 372
368 373 372
368 370 373
363 374 361
363 364 374
374 375 361
361 375 359
375 376 359
359 376 357
376 377 357
357 377 354
377 378 354
354 378 379
352 354 379
352 379 380
350 352 380
350 380 381
349 350 381
349 381 382
347 349 382
347 382 345
382 383 345
345 383 343
383 384 343
343 384 339
384 385 339
339 385 335
385 386 335
335 386 334
386 387 334
334 387 336
387 388 336
336 388 341
388 389 341
341 389 370
389 390 370
370 390 373
386 391 387
387 391 388
385 391 386
388 391 389
384 391 385
389 391 390
390 391 373
383 391 384
373 391 372
382 391 383
381 391 382
380 391 381
379 391 380
378 391 379
377 391 378
376 391 377
375 391 376
374 391 375
392 391 374
372 391 392
364 392 374
364 366 392
366 372 392
232 393 394
395 232 394
232 396 393
395 394 397
397 394 398
394 399 398
393 399 394
399 393 400
400 401 399
397 398 402
230 396 232
400 393 403
403 393 216
393 396 216
216 404 403
403 405 400
400 405 401
403 406 405
404 406 403
407 406 404
211 407 404
404 212 211
212 404 216
407 211 208
402 408 397
397 408 409
402 410 408
409 408 304
408 271 304
408 410 271
409 304 303
410 270 271
397 409 395
395 409 311
409 303 311
395 311 231
231 232 395
411 407 208
407 411 412
406 407 412
406 412 413
405 406 413
410 414 270
415 414 410
402 415 410
414 416 270
268 270 416
417 268 416
266 268 417
418 266 417
264 266 418
419 264 418
264 419 262
419 420 262
260 262 420
421 260 420
260 421 259
421 422 259
422 423 259
423 257 259
423 424 257
424 255 257
255 424 425
197 255 425
197 425 193
425 192 193
197 196 252
196 251 252
196 198 251
198 426 251
251 426 248
426 246 248
426 427 246
427 244 246
244 427 205
243 244 205
198 200 426
200 427 426
205 427 203
427 200 203
205 210 243
210 213 243
241 243 213
219 241 213
234 241 219
275 261 258
281 283 292
281 292 279
249 247 287
247 240 287
40 195 50
209 202 172
202 31 172
172 171 209
171 428 209
209 428 429
207 209 429
429 430 207
430 208 207
430 411 208
215 396 230
215 216 396
431 432 433
432 434 433
433 434 435
434 436 435
437 432 431
438 437 431
436 439 435
439 440 435
441 437 438
442 441 438
443 441 442
444 443 442
445 443 444
446 445 444
447 445 446
448 447 446
447 448 449
450 447 449
450 449 451
452 450 451
452 451 453
454 452 453
455 454 453
456 455 453
457 455 456
458 457 456
459 457 458
460 459 458
461 459 460
462 461 460
461 462 463
464 461 463
464 463 465
466 464 465
466 465 467
468 466 467
468 467 469
470 468 469
470 469 440
439 470 440
467 465 471
472 467 471
469 467 472
462 460 473
463 462 473
460 474 473
475 463 473
471 465 475
465 463 475
440 469 476
440 476 477
435 440 477
435 477 478
433 435 478
433 478 479
431 433 479
431 479 480
438 431 480
438 480 481
442 438 481
442 481 482
444 442 482
444 482 483
446 444 483
448 446 483
484 448 483
449 448 484
485 449 484
451 449 485
486 451 485
453 451 486
487 453 486
453 487 488
456 453 488
456 488 489
458 456 489
458 489 474
460 458 474
485 484 490
488 487 490
487 486 490
489 488 490
474 489 490
486 485 490
484 483 490
483 482 490
482 481 490
473 474 490
475 473 490
481 480 490
480 479 490
479 478 490
478 477 490
477 476 490
476 491 490
469 491 476
491 469 472
491 472 490
472 471 490
471 475 490
398 492 402
492 415 402
398 493 492
493 398 399
399 494 493
494 399 401
494 401 495
401 496 495
401 405 496
405 413 496
497 498 499
497 500 498
500 501 498
500 502 501
502 503 501
502 504 503
504 505 503
504 506 505
506 507 505
506 508 507
508 509 507
509 508 510
508 511 510
510 511 512
511 513 512
512 513 514
513 515 514
514 515 516
515 517 516
518 519 520
521 520 519
522 521 519
523 521 522
524 523 522
524 522 525
525 522 526
527 524 525
528 524 527
529 528 527
530 528 529
531 530 529
523 524 532
524 528 532
530 531 533
531 534 533
533 534 535
533 535 536
537 533 536
533 537 530
536 535 538
539 538 535
540 539 535
534 540 535
541 536 538
537 542 530
530 542 528
542 532 528
539 543 538
543 544 538
538 544 541
544 543 545
546 544 545
547 544 546
544 547 541
548 547 546
546 545 549
550 546 549
548 546 550
550 549 551
550 551 552
550 552 553
552 554 553
555 550 553
555 548 550
556 555 553
556 553 557
558 556 557
557 553 559
553 554 559
549 560 551
560 561 551
551 561 552
560 562 561
561 563 552
562 563 561
557 559 564
565 557 564
565 564 566
564 567 566
567 568 566
567 569 568
570 565 566
566 568 570
568 571 570
569 571 568
565 570 572
572 570 573
574 572 573
574 575 572
576 575 574
573 576 574
575 577 572
572 577 565
577 575 578
579 577 578
579 578 580
581 579 580
581 580 582
583 581 582
583 582 584
577 585 565
557 565 585
558 557 585
586 587 588
587 589 588
590 587 586
591 590 586
588 589 592
589 593 592
592 593 594
593 595 594
596 594 595
597 596 595
596 597 598
599 596 598
599 598 600
601 599 600
602 601 600
603 590 591
604 603 591
604 605 603
605 606 603
605 607 606
607 608 606
608 607 609
610 608 609
610 609 611
612 610 611
611 613 612
613 614 612
614 613 615
616 614 615
617 618 619
619 618 620
621 619 620
622 623 624
623 625 624
625 623 626
627 625 626
626 628 627
628 629 627
622 624 630
624 631 630
630 631 632
631 633 632
632 633 634
633 635 634
634 635 636
634 636 637
637 636 638
636 635 638
635 639 638
639 640 638
641 640 639
642 641 639
637 643 634
644 643 637
645 644 637
638 645 637
646 641 642
647 646 642
646 647 648
647 649 648
647 650 649
650 651 649
650 652 651
653 646 648
654 653 648
655 653 654
656 655 654
656 654 648
657 656 648
658 659 660
661 662 663
662 664 663
664 665 663
664 666 665
666 667 665
668 669 670
671 672 673
674 671 673
675 674 673
676 674 675
677 676 675
676 677 678
676 678 679
679 674 676
679 680 674
681 678 677
682 678 681
681 683 682
683 684 682
684 683 685
686 684 685
685 687 686
687 688 686
689 688 687
690 689 687
691 689 690
692 691 690
693 691 692
694 693 692
695 693 694
696 695 694
697 695 696
698 697 696
697 698 699
698 700 699
700 701 699
701 702 699
701 703 702
703 704 702
705 704 703
706 704 705
705 703 707
703 708 707
707 708 709
708 710 709
709 710 711
710 712 711
711 712 713
714 715 716
715 717 716
714 716 718
719 714 718
719 718 720
721 719 720
721 720 722
723 724 725
724 726 725
723 725 727
725 728 727
727 728 729
728 730 729
729 730 731
732 733 734
733 735 734
733 736 735
529 737 738
737 739 738
529 738 531
629 628 740
628 741 740
741 742 740
684 743 682
743 744 682
743 745 744
746 747 748
746 748 749
748 750 749
751 749 750
752 751 750
751 752 753
752 754 753
755 753 754
756 755 754
755 756 757
756 758 757
757 758 759
760 757 759
760 759 761
762 760 761
762 761 763
764 762 763
764 763 765
766 764 765
767 768 769
769 768 770
771 769 770
770 772 771
772 773 771
771 773 774
774 775 771
773 776 774
773 777 776
777 778 776
777 779 778
779 780 778
777 773 781
773 772 781
780 779 782
783 780 782
783 782 784
784 782 785
782 786 785
782 779 786
787 784 785
787 788 784
788 789 784
789 783 784
790 787 785
779 791 786
779 777 791
777 781 791
792 788 787
793 792 787
793 787 790
794 792 793
795 794 793
795 793 796
796 793 790
797 795 796
798 794 795
799 798 795
799 795 797
799 800 798
799 801 800
799 802 801
802 803 801
799 804 802
804 799 797
804 805 802
802 805 806
805 807 806
806 808 802
808 803 802
798 800 809
800 810 809
810 800 801
809 810 811
812 810 801
811 810 812
808 806 813
806 814 813
814 815 813
813 815 816
815 817 816
816 817 818
819 815 814
817 815 819
820 817 819
818 817 820
814 821 819
819 821 822
821 823 822
823 821 824
825 823 824
822 823 825
824 821 826
826 821 814
824 826 827
826 828 827
827 828 829
828 830 829
829 830 831
830 832 831
832 833 831
834 826 814
814 806 834
806 807 834
835 836 837
836 838 837
835 837 839
840 835 839
838 836 841
842 838 841
841 843 842
843 844 842
843 845 844
845 846 844
847 846 845
848 847 845
847 848 849
848 850 849
851 849 850
840 839 852
853 840 852
854 853 852
855 854 852
856 854 855
857 856 855
858 856 857
859 858 857
860 858 859
861 860 859
860 861 862
861 863 862
864 862 863
865 864 863
866 867 868
869 868 867
870 869 867
871 872 873
872 874 873
875 872 871
876 875 871
877 875 876
878 877 876
873 874 879
880 873 879
879 881 880
881 882 880
882 881 883
884 882 883
883 885 884
883 886 885
886 887 885
885 887 884
888 884 887
889 888 887
889 890 888
890 891 888
886 883 892
893 886 892
894 886 893
887 886 894
890 895 891
895 896 891
895 897 896
896 897 898
899 896 898
900 899 898
899 900 901
895 902 897
902 903 897
904 903 902
905 903 904
897 903 905
906 897 905
907 908 909
910 911 912
912 911 913
911 914 913
913 914 915
914 916 915
917 918 919
920 921 922
921 920 923
924 921 923
924 923 925
926 924 925
925 927 926
925 928 927
928 925 923
928 923 929
930 926 927
931 930 927
930 931 932
931 933 932
934 932 933
935 934 933
936 934 935
937 936 935
936 937 938
939 936 938
939 938 940
941 939 940
941 940 942
943 941 942
943 942 944
945 943 944
945 944 946
947 945 946
946 948 947
948 949 947
950 949 948
951 950 948
950 951 952
953 952 951
954 952 953
955 954 953
954 956 952
956 957 952
956 958 957
958 959 957
958 960 959
960 961 959
960 962 961
963 964 965
964 966 965
965 966 967
966 968 967
967 968 969
968 970 969
970 971 969
972 973 974
973 975 974
975 976 974
976 977 974
976 978 977
978 979 977
978 980 979
981 982 983
982 984 983
983 984 985
778 986 987
987 986 988
778 780 986
989 877 990
877 878 990
989 990 991
933 931 992
992 931 993
992 993 994
