byte offset: 0
first index: 0
index count: 4086
topology: trianglelist
format: DXGI_FORMAT_R16_UINT

0 1 2
1 3 2
2 3 4
3 5 4
6 1 0
7 6 0
8 7 0
7 8 9
8 10 9
10 11 9
11 12 9
11 13 12
13 14 12
14 13 15
16 14 15
16 15 17
18 16 17
18 17 19
20 18 19
20 19 21
22 20 21
22 21 23
24 22 23
23 25 24
25 26 24
25 27 26
27 28 26
28 27 29
30 28 29
29 31 30
31 32 30
32 31 33
33 34 32
33 35 34
35 36 34
37 34 36
38 37 36
39 37 38
40 39 38
41 39 40
42 41 40
43 41 42
44 43 42
44 45 43
45 46 43
46 45 47
48 46 47
47 49 48
49 50 48
46 48 51
48 52 51
48 50 52
51 52 53
53 54 51
54 55 51
43 46 55
46 51 55
52 56 53
50 57 52
56 52 57
58 56 57
59 56 58
60 59 58
53 56 61
56 59 61
62 61 59
63 62 59
63 59 60
62 63 64
63 65 64
1 64 65
3 1 65
65 66 3
66 5 3
67 63 60
63 67 65
67 66 65
64 1 68
68 1 69
1 6 69
70 69 6
7 70 6
70 7 71
7 9 71
72 71 9
12 72 9
12 14 72
14 73 72
14 16 73
16 74 73
16 18 74
18 75 74
18 20 75
20 76 75
20 22 76
22 77 76
22 24 77
24 78 77
24 26 78
26 79 78
80 74 75
81 80 75
75 76 81
76 82 81
82 76 77
80 83 74
84 83 80
85 83 84
86 85 84
84 87 86
87 88 86
86 88 89
88 90 89
89 91 86
91 85 86
92 84 80
92 80 81
91 89 93
93 89 90
94 91 93
94 70 91
70 94 69
94 95 69
70 71 91
91 71 85
69 95 68
95 96 68
97 68 96
97 64 68
62 64 97
98 62 97
61 62 98
99 61 98
61 99 53
99 54 53
100 97 96
98 97 100
100 96 101
102 100 101
103 100 102
103 98 100
99 98 103
104 103 102
101 105 102
105 106 102
102 106 104
103 104 107
54 99 107
107 99 103
104 108 107
109 54 107
107 108 109
104 110 108
106 110 104
110 111 108
108 112 109
112 113 109
113 114 109
54 109 114
114 113 115
116 114 115
55 114 116
117 55 116
55 117 43
117 41 43
41 117 39
117 118 39
118 117 119
117 116 119
115 120 116
120 119 116
115 113 121
120 115 121
113 122 121
122 113 112
55 54 114
123 120 121
120 123 124
123 125 124
126 124 125
127 126 125
123 121 128
128 121 122
129 123 128
123 129 125
129 128 130
131 129 130
129 131 132
125 132 127
129 132 125
131 133 132
134 132 133
132 134 127
135 134 133
134 135 136
137 134 136
134 137 127
137 138 127
128 139 130
139 140 130
139 141 140
141 142 140
142 141 143
144 142 143
144 143 145
146 144 145
145 147 146
147 148 146
143 141 111
141 149 111
141 139 149
148 147 150
151 148 150
150 152 151
152 153 151
152 150 154
150 105 154
153 152 155
156 153 155
156 155 157
157 155 90
155 158 90
154 158 152
158 155 152
158 154 93
158 93 90
154 159 93
93 159 94
159 95 94
95 159 96
159 101 96
105 101 154
101 159 154
160 156 157
160 157 161
157 162 161
162 157 90
163 161 162
164 163 162
165 163 164
166 165 164
164 87 166
87 167 166
166 168 165
168 169 165
169 168 170
171 169 170
167 172 166
172 168 166
173 172 167
92 173 167
172 173 174
175 172 174
172 175 168
175 170 168
175 176 170
176 177 170
171 170 177
173 92 81
81 82 173
82 174 173
176 178 177
179 178 176
180 179 176
176 175 180
175 174 180
179 180 181
180 182 181
180 174 182
174 82 182
181 182 78
182 77 78
182 82 77
178 183 177
177 183 184
183 185 184
185 183 186
183 178 186
187 185 186
178 188 186
185 189 184
189 190 184
184 190 171
184 171 177
190 191 171
171 191 169
191 192 169
165 169 192
193 165 192
193 194 165
194 163 165
194 195 163
195 161 163
160 161 195
196 160 195
160 196 156
196 197 156
156 197 153
197 198 153
198 199 153
199 151 153
199 200 151
200 148 151
148 200 146
200 201 146
146 201 144
201 202 144
202 203 144
203 142 144
140 142 203
204 140 203
204 205 140
205 130 140
205 206 130
206 131 130
206 207 131
207 133 131
133 207 135
207 208 135
136 135 208
209 136 208
136 209 187
209 210 187
136 187 137
187 186 137
137 186 138
186 188 138
211 138 188
138 211 127
211 126 127
212 211 188
212 188 178
179 212 178
213 212 179
181 213 179
79 213 181
78 79 181
185 187 210
189 185 210
79 214 213
28 214 79
26 28 79
214 215 213
213 215 212
215 211 212
211 215 126
215 216 126
124 126 216
217 124 216
124 217 120
217 119 120
217 218 119
218 217 216
218 118 119
216 219 218
215 214 219
219 216 215
28 30 214
30 219 214
118 218 37
39 118 37
32 219 30
219 32 220
220 218 219
37 218 220
220 32 34
34 37 220
71 72 85
85 72 83
72 73 83
83 73 74
139 122 149
139 128 122
149 122 112
149 112 108
111 149 108
143 111 110
145 143 110
147 145 110
106 147 110
147 106 150
106 105 150
88 162 90
164 162 88
87 164 88
87 84 167
84 92 167
221 222 223
222 224 223
221 223 225
226 221 225
227 224 222
226 225 228
229 226 228
230 224 227
231 230 227
232 230 231
233 230 232
234 233 232
235 233 234
236 233 235
237 236 235
238 236 237
239 236 238
240 239 238
241 239 240
242 239 241
243 242 241
243 244 242
244 245 242
246 245 244
246 247 245
247 248 245
249 248 247
250 248 249
251 250 249
251 252 250
252 253 250
252 254 253
254 255 253
256 255 254
256 229 255
229 228 255
253 255 257
255 258 257
255 228 258
245 248 259
248 260 259
248 250 260
250 261 260
250 253 261
253 257 261
228 262 258
228 225 262
225 263 262
264 263 225
223 264 225
265 264 223
224 265 223
266 265 224
230 266 224
267 266 230
233 267 230
233 236 267
236 268 267
236 239 268
239 269 268
239 242 269
242 270 269
259 270 242
245 259 242
265 271 264
268 271 267
267 271 266
266 271 265
270 271 269
259 271 270
269 271 268
264 271 263
263 271 262
260 271 259
261 271 260
262 271 258
258 271 257
257 271 261
272 273 274
273 275 274
272 274 4
5 272 4
276 275 273
276 277 275
277 278 275
278 277 279
280 278 279
281 280 279
282 281 279
283 281 282
284 283 282
283 284 285
284 286 285
285 286 287
286 288 287
287 288 289
288 290 289
289 290 291
290 292 291
291 292 293
292 294 293
295 293 294
296 295 294
297 295 296
298 297 296
297 298 299
298 300 299
301 299 300
302 301 300
302 303 301
303 302 304
305 303 304
306 305 304
304 307 306
307 308 306
307 309 308
309 310 308
309 311 310
311 312 310
311 313 312
313 314 312
315 314 313
316 315 313
315 316 317
316 318 317
49 317 318
50 49 318
318 316 319
320 318 319
50 318 320
320 319 321
322 321 319
323 322 319
319 316 323
316 313 323
324 320 321
57 50 320
320 324 57
324 58 57
324 325 58
325 60 58
325 324 326
324 321 326
326 327 325
327 328 325
325 328 60
328 327 329
330 328 329
330 329 273
272 330 273
66 330 272
5 66 272
328 67 60
66 67 330
67 328 330
273 329 331
273 331 332
276 273 332
332 333 276
333 277 276
277 333 334
279 277 334
279 334 335
282 279 335
284 282 335
336 284 335
286 284 336
337 286 336
288 286 337
338 288 337
290 288 338
339 290 338
292 290 339
340 292 339
294 292 340
341 294 340
296 294 341
342 296 341
337 343 338
343 344 338
339 338 344
345 339 344
339 345 340
336 346 337
346 343 337
346 347 343
347 346 348
349 347 348
347 349 350
349 351 350
349 352 351
352 353 351
352 349 354
349 348 354
347 355 343
343 355 344
352 354 356
353 352 356
354 357 356
333 357 354
357 333 332
358 357 332
334 333 354
354 348 334
358 332 331
359 358 331
331 360 359
329 360 331
329 327 360
327 361 360
327 326 361
326 362 361
362 326 321
322 362 321
360 363 359
360 361 363
359 363 364
363 365 364
363 366 365
361 366 363
361 362 366
366 367 365
368 364 365
369 368 365
369 365 367
367 366 370
370 362 322
362 370 366
371 367 370
372 370 322
370 372 371
373 367 371
373 369 367
374 373 371
372 375 371
376 375 372
377 376 372
372 322 377
376 377 378
377 379 378
377 323 379
323 380 379
380 323 313
311 380 313
380 311 309
381 380 309
379 380 382
380 381 382
382 383 379
383 378 379
376 378 384
384 378 383
385 376 384
376 385 375
322 323 377
386 384 383
386 383 387
388 386 387
388 387 389
390 388 389
391 384 386
384 391 385
392 391 386
386 388 392
393 391 392
394 393 392
392 395 394
388 390 395
388 395 392
395 396 394
396 395 397
390 397 395
398 396 397
398 397 399
397 400 399
400 397 390
401 400 390
402 391 393
403 402 393
404 402 403
405 404 403
404 405 406
405 407 406
408 406 407
409 408 407
408 409 410
409 411 410
404 406 374
412 404 374
402 404 412
413 410 411
414 413 411
413 414 415
414 416 415
415 417 413
417 368 413
418 415 416
419 418 416
418 419 420
418 420 353
421 418 353
418 421 415
421 417 415
421 356 417
421 353 356
356 422 417
356 357 422
357 358 422
422 358 359
364 422 359
422 364 417
364 368 417
419 423 420
423 424 420
424 425 420
353 420 425
425 424 426
427 425 426
427 426 428
429 427 428
427 429 350
429 430 350
431 429 428
432 431 428
431 432 433
432 434 433
431 435 429
435 430 429
435 436 430
436 355 430
436 435 437
435 438 437
433 438 431
438 435 431
439 438 433
440 439 433
433 434 440
355 436 344
437 345 436
345 344 436
441 439 440
441 442 439
442 443 439
437 438 443
438 439 443
443 442 444
445 443 444
345 437 445
437 443 445
445 444 341
340 445 341
345 445 340
446 441 440
446 440 447
448 446 447
446 448 449
446 449 441
448 450 449
449 451 441
452 448 447
453 452 447
453 447 434
434 447 440
454 453 434
454 434 432
455 454 432
455 432 428
456 455 428
457 456 428
426 457 428
458 457 426
424 458 426
458 424 423
459 458 423
459 423 419
460 459 419
460 419 416
461 460 416
461 416 462
416 414 462
462 414 463
414 411 463
463 411 409
464 463 409
409 407 464
407 465 464
466 465 407
405 466 407
466 405 403
467 466 403
468 467 403
393 468 403
469 468 393
394 469 393
470 469 394
396 470 394
396 398 470
398 471 470
471 398 399
472 471 399
399 450 472
450 473 472
450 399 400
449 450 400
449 400 401
451 449 401
401 474 451
401 390 474
390 389 474
474 475 451
451 475 441
475 442 441
475 476 442
476 444 442
476 342 444
342 341 444
450 448 473
448 452 473
477 342 476
477 298 342
298 296 342
478 477 476
478 476 475
474 478 475
478 474 389
479 478 389
389 387 479
387 480 479
480 387 383
382 480 383
481 480 382
481 479 480
381 481 382
479 481 482
478 482 477
482 478 479
482 300 477
300 298 477
481 381 307
381 309 307
302 300 482
482 483 302
483 482 481
307 483 481
483 304 302
304 483 307
348 335 334
348 346 335
346 336 335
385 402 412
391 402 385
385 412 375
375 412 371
412 374 371
373 374 406
408 373 406
408 410 373
410 369 373
369 410 413
368 369 413
351 353 425
351 425 427
350 351 427
350 430 347
430 355 347
484 485 486
485 487 486
486 487 488
487 489 488
490 485 484
488 489 491
489 492 491
490 484 493
494 490 493
495 494 493
495 493 496
497 495 496
498 497 496
498 496 499
500 498 499
501 500 499
501 499 502
503 501 502
504 503 502
504 502 505
506 504 505
507 506 505
508 507 505
509 507 508
510 509 508
511 510 508
512 510 511
512 511 513
514 512 513
515 514 513
516 515 513
517 515 516
518 517 516
519 517 518
492 519 518
491 492 518
518 516 520
521 518 520
491 518 521
511 508 522
523 511 522
513 511 523
524 513 523
520 516 524
516 513 524
525 491 521
488 491 525
526 488 525
488 526 527
486 488 527
486 527 528
484 486 528
484 528 529
493 484 529
493 529 530
496 493 530
499 496 530
531 499 530
502 499 531
532 502 531
505 502 532
533 505 532
505 533 522
508 505 522
528 527 534
531 530 534
530 529 534
529 528 534
533 532 534
522 533 534
532 531 534
523 522 534
524 523 534
520 524 534
521 520 534
525 521 534
526 525 534
527 526 534
535 536 537
536 538 537
537 539 535
539 540 535
540 539 541
542 540 541
541 543 542
543 544 542
544 543 545
546 544 545
547 546 545
538 536 548
549 538 548
548 550 549
550 551 549
551 550 552
553 551 552
552 554 553
554 555 553
554 556 555
557 558 559
558 560 559
560 561 559
560 562 561
562 563 561
564 563 562
565 564 562
565 566 564
566 567 564
566 565 568
565 569 568
566 568 570
571 566 570
566 571 567
571 572 567
572 571 573
573 571 570
574 572 573
575 573 570
569 565 576
577 569 576
577 576 578
579 577 578
578 580 579
574 573 581
581 573 575
582 574 581
581 583 582
583 584 582
585 584 583
586 585 583
585 586 587
586 588 587
587 588 589
588 590 589
591 589 590
590 588 592
593 590 592
592 588 594
588 586 594
594 586 595
586 583 595
595 583 596
583 581 596
596 581 575
597 589 591
590 593 598
593 599 598
597 591 600
601 597 600
602 601 600
603 601 602
591 604 600
598 604 590
604 591 590
605 606 607
606 608 607
606 609 608
609 610 608
605 607 611
612 605 611
613 612 611
614 613 611
613 614 615
614 616 615
609 617 610
617 618 610
617 619 618
619 620 618
619 621 620
621 622 620
622 621 623
624 622 623
616 625 615
625 626 615
626 625 627
628 626 627
629 628 627
624 623 630
631 624 630
630 632 631
632 633 631
634 633 632
635 636 637
636 638 637
636 639 638
639 640 638
641 639 636
642 641 636
642 636 635
641 642 643
644 641 643
645 644 643
646 645 643
646 647 645
647 648 645
648 647 649
650 648 649
650 649 651
652 650 651
651 653 652
653 654 652
653 655 654
655 656 654
655 653 657
653 658 657
659 657 658
660 659 658
660 661 659
661 662 659
663 662 661
664 665 666
667 664 666
668 667 666
669 667 668
670 669 668
670 637 669
637 638 669
671 638 640
672 671 640
673 671 672
674 673 672
675 673 674
676 677 678
678 677 679
677 680 679
679 680 681
680 682 681
682 683 681
683 684 681
685 686 687
686 688 687
687 688 689
690 687 689
690 689 691
689 692 691
693 686 685
694 693 685
695 693 694
696 695 694
697 695 696
691 692 698
692 699 698
700 698 699
701 700 699
700 701 702
701 703 702
704 702 703
705 704 703
704 705 706
705 707 706
706 707 708
707 709 708
710 711 712
711 710 713
714 711 713
713 715 714
715 716 714
717 642 635
718 719 720
719 721 720
720 721 722
721 723 722
723 724 722
718 725 719
725 726 719
726 725 727
728 726 727
729 730 731
730 732 731
729 731 733
731 734 733
731 735 734
735 736 734
736 735 737
737 735 738
735 739 738
732 739 731
739 735 731
740 736 737
737 741 740
738 741 737
742 743 744
743 745 744
744 745 746
747 744 746
746 745 748
745 749 748
750 748 749
751 750 749
751 749 752
749 753 752
743 753 745
753 749 745
752 754 751
751 754 750
755 756 757
756 758 757
757 758 759
758 760 759
759 760 761
760 762 761
761 762 763
762 764 763
765 763 764
766 765 764
767 765 766
768 756 755
769 768 755
770 768 769
771 770 769
772 770 771
773 772 771
774 772 773
775 774 773
774 775 776
777 778 779
779 778 780
778 781 780
782 780 781
783 782 781
782 783 784
785 782 784
785 784 786
784 787 786
786 788 785
788 789 785
788 786 790
786 791 790
786 787 791
787 792 791
791 792 793
791 793 790
792 794 793
793 795 790
785 789 796
789 797 796
796 797 798
797 799 798
798 799 800
801 793 794
793 801 795
802 801 794
803 801 802
804 803 802
804 805 803
805 806 803
805 807 806
807 808 806
807 809 808
809 810 808
811 810 809
808 810 812
810 813 812
806 808 814
808 812 814
803 806 815
806 814 815
801 803 816
803 815 816
801 816 795
817 811 809
810 818 813
818 819 813
817 820 811
820 817 821
822 820 821
823 822 821
820 824 811
811 824 810
824 818 810
825 826 827
826 828 827
829 826 825
830 829 825
827 828 831
828 832 831
832 833 831
833 834 831
833 835 834
835 836 834
837 829 830
838 837 830
839 837 838
840 839 838
841 839 840
842 841 840
843 841 842
844 843 842
836 835 845
835 846 845
847 845 846
848 847 846
849 847 848
850 843 844
851 850 844
850 851 852
851 853 852
854 852 853
855 856 857
856 858 857
859 857 858
860 859 858
859 861 857
861 862 857
855 857 862
863 862 861
864 863 861
864 865 863
865 866 863
867 866 865
868 867 865
867 868 869
868 870 869
871 869 870
872 871 870
873 871 872
874 873 872
873 874 875
874 876 875
873 875 877
878 873 877
878 877 879
880 878 879
881 880 879
882 881 879
883 881 882
884 885 886
885 884 887
888 885 887
887 889 888
889 890 888
856 890 889
858 856 889
860 858 891
892 860 891
892 891 893
894 892 893
895 894 893
896 897 898
898 897 899
900 898 899
899 901 900
901 902 900
902 901 903
901 904 903
905 906 907
906 908 907
908 906 909
906 910 909
910 911 909
911 912 909
907 913 905
913 914 905
914 913 915
916 914 915
917 916 915
911 918 912
918 919 912
919 918 920
921 919 920
921 920 922
923 921 922
923 922 924
925 923 924
925 924 926
927 925 926
927 926 928
929 927 928
930 931 932
933 930 932
934 933 932
935 933 934
936 935 934
937 855 862
938 939 940
939 941 940
941 939 942
943 941 942
943 942 944
945 938 940
946 945 940
947 945 946
948 947 946
949 950 951
950 952 951
952 953 951
953 954 951
951 954 955
954 956 955
957 955 956
957 958 955
958 959 955
949 951 959
951 955 959
960 957 956
957 960 961
958 957 961
962 963 964
963 965 964
965 963 966
963 967 966
965 966 968
969 965 968
968 970 969
970 971 969
971 972 969
972 973 969
964 965 973
965 969 973
972 971 974
971 970 974
