byte offset: 0
first index: 0
index count: 4416
topology: trianglelist
format: DXGI_FORMAT_R16_UINT

0 1 2
1 3 2
1 4 3
4 5 3
1 0 6
0 7 6
6 7 8
7 9 8
7 10 9
10 11 9
10 12 11
12 13 11
13 14 11
14 15 11
9 11 16
11 15 16
15 14 17
18 15 17
18 17 19
18 19 20
21 18 20
22 18 21
18 22 15
22 16 15
23 22 21
23 21 24
25 23 24
17 26 19
23 25 27
25 28 27
27 29 23
29 22 23
27 28 30
28 31 30
29 27 32
27 30 32
29 33 22
33 16 22
19 26 34
26 35 34
24 21 36
32 37 29
37 33 29
16 33 9
33 8 9
37 38 33
38 8 33
6 8 38
39 6 38
1 6 39
4 1 39
34 35 40
34 40 41
42 34 41
42 41 43
44 43 41
45 44 41
46 42 43
42 46 20
20 19 42
19 34 42
46 36 20
21 20 36
4 39 47
47 39 48
49 4 47
47 50 49
50 47 48
50 51 49
43 52 46
52 53 46
36 46 53
51 50 54
55 54 50
54 55 56
57 54 56
57 56 58
56 59 58
60 58 59
61 60 59
62 59 56
63 62 56
56 55 63
62 63 64
63 65 64
66 64 65
66 67 64
67 68 64
64 68 62
69 66 65
65 63 70
55 70 63
71 65 70
65 71 69
72 67 66
73 72 66
73 66 69
72 73 74
72 74 75
76 72 75
72 76 67
76 75 77
78 76 77
73 79 74
73 80 79
80 73 69
80 81 79
82 76 78
76 82 67
68 67 82
83 82 78
82 83 84
83 85 84
86 84 85
87 86 85
88 86 87
89 88 87
86 88 61
90 86 61
84 86 90
89 91 88
91 92 88
61 88 92
90 61 59
62 90 59
68 90 62
84 68 82
68 84 90
91 93 92
93 94 92
94 93 95
96 94 95
92 94 60
60 61 92
94 97 60
94 96 97
60 97 58
97 98 58
98 97 99
96 99 97
100 98 99
101 98 100
102 101 100
103 101 102
104 103 102
101 57 98
57 58 98
103 104 105
51 103 105
57 101 54
101 103 54
103 51 54
51 105 106
49 51 106
106 5 49
5 4 49
107 108 109
108 110 109
110 108 111
112 110 111
113 110 112
114 113 112
112 115 114
115 116 114
114 116 117
116 118 117
117 118 119
119 120 117
109 110 121
110 113 121
122 121 113
123 122 113
121 124 109
124 125 109
122 126 121
126 124 121
124 126 127
128 124 127
125 124 128
129 128 127
130 129 127
131 129 130
132 131 130
131 132 133
132 134 133
133 134 135
136 133 135
136 135 137
138 136 137
131 139 129
139 140 129
128 129 140
141 133 136
141 139 131
131 133 141
139 141 142
143 139 142
139 143 140
142 141 144
141 145 144
136 145 141
145 136 138
142 146 143
146 147 143
143 147 148
143 148 140
149 140 148
150 149 148
125 149 150
151 125 150
147 152 148
150 148 152
149 125 128
149 128 140
125 151 107
107 151 153
153 154 107
109 125 107
144 145 155
145 156 155
138 156 145
154 153 157
157 153 158
157 158 159
159 158 160
158 161 160
158 162 161
162 152 161
153 162 158
163 160 161
164 163 161
165 163 164
166 165 164
167 157 159
157 167 168
167 169 168
168 169 170
169 171 170
168 170 172
172 154 168
173 165 166
174 173 166
175 173 174
176 175 174
174 177 176
177 178 176
170 171 179
171 180 179
179 180 181
182 179 181
179 182 183
170 179 183
183 172 170
172 183 111
111 108 172
154 172 108
182 184 183
183 184 111
182 181 185
186 182 185
184 182 186
177 144 178
144 177 142
177 146 142
144 155 178
177 174 146
174 166 146
146 166 147
166 164 147
147 164 152
164 161 152
184 187 111
111 187 112
187 115 112
187 188 115
188 189 115
115 189 116
189 190 116
191 188 187
184 191 187
116 190 118
190 192 118
118 192 119
192 193 119
119 193 194
119 194 120
194 195 120
120 195 196
195 197 196
197 195 198
199 197 198
200 196 197
201 200 197
197 199 201
193 202 194
202 203 194
203 202 204
205 203 204
203 206 194
194 206 195
206 198 195
200 207 196
207 208 196
120 196 208
207 123 208
123 113 208
208 113 114
117 208 114
208 117 120
209 204 202
193 209 202
210 209 193
192 210 193
203 205 211
212 203 211
203 212 206
211 213 212
213 214 212
215 212 214
216 215 214
216 214 217
218 216 217
218 217 219
217 220 219
221 220 217
221 222 220
222 223 220
222 224 223
224 225 223
226 221 217
213 226 214
226 217 214
224 227 225
227 228 225
227 229 228
229 230 228
218 219 231
232 218 231
220 223 81
220 81 219
223 79 81
223 225 79
228 230 75
230 77 75
225 228 74
228 75 74
225 74 79
233 232 231
234 233 231
234 231 235
235 231 236
236 81 237
235 236 237
81 80 237
238 237 80
69 238 80
71 238 69
237 238 239
239 235 237
235 239 240
240 234 235
239 241 240
240 241 242
241 31 242
31 241 243
30 31 243
30 243 244
244 243 245
71 245 238
243 246 245
238 246 239
245 246 238
239 246 241
246 243 241
32 30 244
32 244 247
247 244 245
37 32 247
247 48 37
48 247 248
245 71 248
248 247 245
249 48 248
48 38 37
39 38 48
249 248 70
71 70 248
55 249 70
249 55 50
249 50 48
250 251 252
251 253 252
10 251 250
251 10 7
0 251 7
251 0 253
12 10 250
0 2 253
254 250 252
255 254 252
254 256 250
256 12 250
12 256 257
13 12 257
14 13 257
258 14 257
258 257 259
257 260 259
257 256 260
256 261 260
256 254 261
260 261 262
261 263 262
14 258 17
258 264 17
17 264 265
265 264 266
264 267 266
264 268 267
264 258 268
258 259 268
268 269 267
267 269 270
269 271 270
26 17 265
271 269 272
273 271 272
268 274 269
274 272 269
273 272 275
276 273 275
275 272 277
272 274 277
278 274 268
259 278 268
26 265 279
35 26 279
267 270 280
278 281 274
281 277 274
278 259 260
262 278 260
262 282 278
282 281 278
262 263 282
263 283 282
263 284 283
285 284 263
284 285 286
287 284 286
288 284 287
284 288 283
289 288 287
261 285 263
254 285 261
286 285 255
285 254 255
290 282 283
282 290 281
291 290 283
283 288 291
288 289 292
288 292 291
293 291 292
290 291 293
294 293 292
289 295 292
294 292 295
293 294 296
296 297 293
297 296 298
296 299 298
298 299 300
301 298 300
300 302 301
302 303 301
301 304 298
304 305 298
297 298 305
305 304 306
307 305 306
306 308 307
309 308 306
310 309 306
310 306 304
308 311 307
305 307 312
312 297 305
307 313 312
313 307 311
309 314 308
314 315 308
308 315 311
315 314 316
316 314 317
314 318 317
318 314 309
317 318 77
318 78 77
319 315 316
320 315 319
315 320 311
321 320 319
78 318 322
322 318 309
309 310 322
83 78 322
322 323 83
323 85 83
85 323 324
87 85 324
87 324 325
89 87 325
325 324 303
324 326 303
324 323 326
91 89 325
327 91 325
325 303 327
301 303 326
304 301 326
326 310 304
310 323 322
323 310 326
93 91 327
328 93 327
93 328 95
328 329 95
328 327 302
303 302 327
330 328 302
329 328 330
330 302 300
331 330 300
330 331 332
332 329 330
331 333 332
331 334 333
334 335 333
335 334 336
337 335 336
300 299 331
299 334 331
337 336 338
336 294 338
299 296 334
296 336 334
294 336 296
338 294 295
35 339 40
40 339 41
339 45 41
339 35 340
35 279 340
340 279 341
45 339 341
339 340 341
44 45 341
342 44 341
341 343 342
279 343 341
343 344 342
279 265 343
265 266 343
344 343 266
280 344 266
266 267 280
345 342 344
346 345 344
344 280 346
347 345 346
348 345 347
44 342 348
342 345 348
44 348 43
348 52 43
52 348 349
348 350 349
350 348 347
52 349 53
349 351 53
352 53 351
353 352 351
354 352 353
355 354 353
354 355 356
355 357 356
356 357 358
357 359 358
352 36 53
356 358 28
25 356 28
354 356 25
24 354 25
36 352 24
352 354 24
28 358 31
358 242 31
358 359 242
359 360 242
242 360 240
360 234 240
234 360 361
361 233 234
233 361 362
362 363 233
363 362 364
365 363 364
365 364 366
199 365 366
199 366 201
365 199 367
199 198 367
367 198 215
215 216 367
216 368 367
367 368 365
368 363 365
216 218 368
218 232 368
368 232 363
232 233 363
198 206 215
212 215 206
168 154 157
108 107 154
162 150 152
151 150 162
153 151 162
191 184 186
191 186 369
370 191 369
369 186 371
186 185 371
188 191 370
372 188 370
189 188 372
373 189 372
189 373 190
373 374 190
192 190 374
210 192 374
81 236 219
231 219 236
375 376 377
376 378 377
376 379 378
379 380 378
375 377 381
382 375 381
382 381 383
384 382 383
379 385 380
385 386 380
385 387 386
387 388 386
378 389 377
389 378 380
389 390 377
377 390 381
391 383 381
392 391 381
390 392 381
393 389 380
393 380 386
394 393 386
394 386 388
395 394 388
390 389 396
397 390 396
392 390 397
391 392 398
398 392 397
399 391 398
396 389 400
389 393 400
400 393 401
393 394 401
401 394 402
394 395 402
397 396 403
404 397 403
398 397 404
399 398 405
405 398 404
406 399 405
403 396 407
396 400 407
407 400 408
400 401 408
408 401 409
401 402 409
405 410 406
410 411 406
411 410 412
410 413 412
414 412 413
415 414 413
416 414 415
417 416 415
417 418 416
418 419 416
418 420 419
420 421 419
422 420 418
423 422 418
423 418 417
424 422 423
425 424 423
426 424 425
427 426 425
428 426 427
429 428 427
428 429 430
431 428 430
425 423 432
432 423 417
433 425 432
427 425 433
434 427 433
429 427 434
435 429 434
435 436 429
436 430 429
432 437 433
437 438 433
434 433 438
439 434 438
435 434 439
440 435 439
436 435 440
415 437 432
417 415 432
441 436 440
438 437 442
437 443 442
437 415 443
439 438 444
438 442 444
440 439 445
439 444 445
415 413 443
441 440 446
440 445 446
447 443 413
410 447 413
447 448 443
448 442 443
448 449 442
449 444 442
449 450 444
450 445 444
445 450 446
410 405 447
405 404 447
447 404 448
404 403 448
448 403 449
403 407 449
449 407 450
407 408 450
409 450 408
451 452 453
452 454 453
452 451 455
451 456 455
451 457 456
457 458 456
459 456 458
460 459 458
460 458 461
462 460 461
463 462 461
461 464 463
457 451 465
451 453 465
457 465 466
467 457 466
468 465 453
469 468 453
468 470 465
470 466 465
470 468 471
468 472 471
468 469 472
472 473 471
473 474 471
473 475 474
475 476 474
476 475 477
478 476 477
478 477 479
477 480 479
479 480 137
480 138 137
481 475 473
482 481 473
473 472 482
480 477 483
483 477 475
475 481 483
483 481 484
481 485 484
485 481 482
483 484 486
487 483 486
483 487 480
138 480 487
488 484 485
489 488 485
489 485 490
490 485 482
482 491 490
491 492 490
492 491 469
493 492 469
494 489 490
490 492 494
469 491 472
472 491 482
493 469 454
495 493 454
454 496 495
469 453 454
487 486 155
156 487 155
487 156 138
495 496 497
495 497 498
498 497 499
498 499 500
501 498 500
494 502 501
502 498 501
502 495 498
495 502 493
500 503 501
503 504 501
503 505 504
505 506 504
497 507 499
507 497 508
509 507 508
509 508 510
511 509 510
512 510 508
508 496 512
505 513 506
513 514 506
513 175 514
175 176 514
515 514 176
178 515 176
510 516 511
516 517 511
517 516 518
516 519 518
519 516 520
510 512 520
520 516 510
455 520 512
512 452 455
452 512 496
521 519 520
521 520 455
518 519 522
519 523 522
519 521 523
486 515 178
515 486 484
488 515 484
155 486 178
514 515 488
506 514 488
506 488 489
504 506 489
504 489 494
501 504 494
524 521 455
524 455 456
459 524 456
525 524 459
526 525 459
526 459 460
527 526 460
525 528 524
528 521 524
527 460 462
529 527 462
529 462 463
530 529 463
463 531 530
531 463 464
532 531 464
532 464 533
534 532 533
532 534 535
534 536 535
533 537 534
537 538 534
536 534 538
531 539 530
540 539 531
539 540 541
540 542 541
543 540 531
535 543 532
543 531 532
544 537 533
545 544 533
545 533 464
467 544 545
457 467 545
457 545 458
545 461 458
464 461 545
539 541 546
530 539 546
546 547 530
547 529 530
548 542 540
549 548 540
549 540 543
550 548 549
551 550 549
549 552 551
552 553 551
551 553 554
553 555 554
554 555 556
557 554 556
557 558 554
559 558 557
560 559 557
561 559 560
562 561 560
558 563 554
554 563 551
563 550 551
564 561 562
565 564 562
229 564 565
230 229 565
556 555 566
555 567 566
560 557 321
321 557 556
319 560 321
562 560 319
230 565 317
77 230 317
317 565 316
565 562 316
316 562 319
567 568 566
568 569 566
566 569 570
566 570 571
571 572 321
571 570 572
572 320 321
572 573 320
573 311 320
573 313 311
573 572 574
570 574 572
574 570 575
569 575 570
576 574 575
576 575 577
276 576 577
576 276 578
276 275 578
578 275 579
578 579 580
313 573 580
581 578 580
581 573 574
573 581 580
578 581 576
581 574 576
275 277 579
579 277 582
580 579 582
277 281 582
290 582 281
583 582 290
313 580 583
583 580 582
584 583 290
583 584 312
312 313 583
584 297 312
297 584 293
584 290 293
577 585 276
585 273 276
585 586 273
587 586 585
588 587 585
588 585 577
587 589 586
589 590 586
590 589 591
592 590 591
592 591 593
346 592 593
593 347 346
280 592 346
586 271 273
586 590 271
590 270 271
590 592 270
592 280 270
594 588 577
594 577 575
569 594 575
569 595 594
595 569 568
568 596 595
596 568 597
596 597 598
597 599 598
598 599 600
599 536 600
600 536 538
536 599 601
535 536 601
535 601 552
553 552 601
602 553 601
597 602 599
602 601 599
555 553 602
567 555 602
568 567 597
567 602 597
543 535 552
552 549 543
496 508 497
496 454 452
492 502 494
502 492 493
521 528 523
523 528 603
528 604 603
523 603 605
522 523 605
528 525 604
525 606 604
525 526 606
526 607 606
607 526 527
608 607 527
527 529 608
529 547 608
571 321 556
556 566 571
609 610 611
610 612 611
613 610 609
614 613 609
611 612 615
612 616 615
615 616 383
616 384 383
617 613 614
618 617 614
619 617 618
620 619 618
621 609 611
614 609 621
622 621 611
622 611 615
383 391 615
391 623 615
623 622 615
624 614 621
618 614 624
625 618 624
620 618 625
626 620 625
621 622 627
622 628 627
622 623 628
623 391 629
623 629 628
391 399 629
624 621 630
621 627 630
625 624 631
624 630 631
626 625 632
625 631 632
627 628 633
628 634 633
628 629 634
629 399 635
629 635 634
399 406 635
630 627 636
627 633 636
631 630 637
630 636 637
632 631 638
631 637 638
639 635 406
411 639 406
639 411 412
640 639 412
412 414 640
414 641 640
414 416 641
416 642 641
642 416 643
416 419 643
643 419 644
419 421 644
644 645 643
645 646 643
643 646 642
645 647 646
647 648 646
647 649 648
649 650 648
650 649 651
652 650 651
652 651 653
651 654 653
646 648 655
646 655 642
648 656 655
648 650 656
650 657 656
657 650 652
658 657 652
653 659 652
659 658 652
655 656 660
656 661 660
656 657 661
657 662 661
657 658 662
658 663 662
658 659 663
655 660 641
642 655 641
659 664 663
660 661 665
666 660 665
641 660 666
665 661 667
661 662 667
667 662 668
662 663 668
640 641 666
668 663 669
663 664 669
666 670 640
670 639 640
665 671 666
671 670 666
667 672 665
672 671 665
668 673 667
673 672 667
668 669 673
635 639 670
634 635 670
634 670 671
633 634 671
633 671 672
636 633 672
636 672 673
637 636 673
638 637 673
674 675 676
675 677 676
676 678 674
678 679 674
677 675 680
681 677 680
680 675 682
675 674 682
682 674 683
674 679 683
679 678 684
679 684 683
678 685 684
686 684 685
687 686 685
686 687 688
687 689 688
684 686 690
686 688 690
684 690 683
691 677 681
692 691 681
691 692 693
692 694 693
693 694 695
696 693 695
693 696 697
693 697 691
696 698 697
698 699 697
699 700 697
696 695 701
702 696 701
696 702 698
703 702 701
702 703 698
699 698 703
704 703 701
705 703 704
705 699 703
706 705 704
700 699 707
699 708 707
707 708 709
710 707 709
705 706 711
712 705 711
705 712 699
712 708 699
712 711 713
714 712 713
714 713 709
709 708 714
708 712 714
713 715 709
709 715 710
715 716 710
710 716 717
718 710 717
710 718 707
718 719 707
707 719 700
719 720 700
700 720 721
697 700 721
697 721 691
677 691 721
676 677 721
721 720 676
720 678 676
719 685 720
685 678 720
718 687 719
687 685 719
717 689 718
689 687 718
722 723 724
723 725 724
722 724 726
727 722 726
728 723 722
729 728 722
729 722 727
706 729 727
724 725 730
725 731 730
732 731 725
733 732 725
728 733 723
733 725 723
730 734 724
734 726 724
727 726 735
726 736 735
726 734 736
735 736 737
736 738 737
735 737 739
740 735 739
706 727 740
727 735 740
738 736 741
734 741 736
742 738 741
738 742 743
744 738 743
739 737 744
737 738 744
731 745 730
745 746 730
730 746 734
743 742 747
742 748 747
742 741 748
741 749 748
749 741 734
750 749 734
746 750 734
745 751 746
751 752 746
750 746 752
751 753 752
753 754 752
752 754 755
755 750 752
754 756 755
757 753 751
758 757 751
758 751 745
757 759 753
759 754 753
754 759 756
759 683 756
756 760 755
760 761 755
755 761 750
761 749 750
760 762 761
762 763 761
763 762 764
765 763 764
764 762 766
762 760 766
683 766 756
766 760 756
748 763 765
747 748 765
748 749 763
749 761 763
767 758 745
767 745 731
732 767 731
768 769 770
769 771 770
770 771 772
771 773 772
774 772 773
775 774 773
775 773 776
777 775 776
777 776 778
779 777 778
779 778 780
781 779 780
782 780 778
783 782 778
778 776 783
782 783 784
785 782 784
786 782 785
782 786 780
787 786 785
781 780 788
786 788 780
789 781 788
784 783 790
783 791 790
776 791 783
790 791 769
791 771 769
771 791 773
791 776 773
792 793 794
793 795 794
794 795 796
795 797 796
796 797 798
799 796 798
792 794 800
794 801 800
794 796 801
796 802 801
799 803 796
803 802 796
804 805 806
805 807 806
805 808 807
808 809 807
808 810 809
810 811 809
809 811 812
811 813 812
812 813 814
813 815 814
816 814 815
817 816 815
816 818 814
818 819 814
812 814 819
820 819 818
821 820 818
821 818 822
822 818 816
823 821 822
824 816 817
824 822 816
825 824 817
819 820 826
827 819 826
827 812 819
826 806 827
806 807 827
807 809 827
809 812 827
828 829 830
829 831 830
831 832 830
832 833 830
834 829 828
835 834 828
836 834 835
837 836 835
838 836 837
839 838 837
835 828 840
841 835 840
837 835 841
841 840 842
840 843 842
842 844 841
844 845 841
845 837 841
839 837 845
840 846 843
840 828 846
828 830 846
846 847 843
844 848 845
848 849 845
849 839 845
846 830 850
830 833 850
850 851 846
851 847 846
852 853 854
853 855 854
854 855 856
857 854 856
856 858 857
858 859 857
860 855 853
855 860 856
861 860 853
860 862 856
856 862 858
862 863 858
864 865 866
865 867 866
867 865 868
865 869 868
864 866 870
871 864 870
871 870 872
873 871 872
873 872 874
875 873 874
864 871 876
871 877 876
877 871 873
876 877 878
879 876 878
878 877 880
877 881 880
881 877 873
881 873 875
882 876 879
864 876 882
865 864 882
883 882 879
880 881 884
881 885 884
885 881 875
865 882 886
869 865 886
886 882 887
882 883 887
