byte offset: 0
first index: 0
index count: 3696
topology: trianglelist
format: DXGI_FORMAT_R16_UINT

0 1 2
1 0 3
4 1 3
2 1 4
4 3 5
6 4 5
6 5 7
4 6 8
4 8 9
2 4 9
10 11 12
10 12 13
11 14 12
11 15 14
16 14 15
17 18 19
17 19 20
21 19 18
22 19 21
23 22 21
24 20 19
24 19 22
25 20 24
25 26 20
17 20 26
27 26 25
26 27 28
26 28 29
30 26 29
17 26 30
31 28 27
31 27 32
32 33 31
32 34 33
34 35 33
34 36 35
37 35 36
37 38 35
37 39 38
37 40 39
41 39 40
41 40 42
41 42 43
41 43 44
43 45 44
43 46 45
46 47 45
45 47 48
45 48 49
49 48 50
46 51 47
47 51 52
47 52 53
53 52 54
55 51 46
42 40 56
42 56 57
58 43 42
58 42 57
46 58 55
46 43 58
40 59 56
40 37 59
37 60 59
37 36 60
60 36 34
60 34 61
61 34 32
61 32 62
62 32 27
62 27 63
27 25 63
64 65 66
67 66 65
64 66 68
69 70 71
70 72 71
73 74 75
73 75 76
77 76 75
77 75 78
79 77 78
80 74 73
80 73 81
82 80 81
82 81 83
84 82 83
84 85 82
84 86 85
87 88 89
87 89 90
91 87 90
92 93 94
92 94 95
92 95 96
92 96 97
93 98 94
93 99 98
99 100 98
99 101 100
100 101 102
100 102 103
104 97 96
104 105 97
106 105 104
106 104 107
108 106 107
108 107 109
110 108 109
110 109 111
112 110 111
112 111 113
112 113 114
103 102 115
116 117 118
118 117 119
118 119 120
119 121 120
119 122 121
122 123 121
17 30 124
125 126 127
125 127 128
129 127 126
130 131 132
133 134 135
133 135 136
136 135 137
136 137 138
134 133 139
22 23 140
22 140 141
142 143 144
145 146 147
146 145 148
145 149 148
146 150 147
150 146 151
152 150 151
153 152 151
152 153 154
149 155 148
155 149 156
157 155 156
155 157 158
157 159 158
160 158 159
158 160 161
160 162 161
163 161 162
153 164 154
164 153 165
166 164 165
167 166 165
166 167 168
169 168 167
170 169 167
170 171 169
171 170 172
173 171 172
174 173 172
173 174 175
174 176 175
176 174 177
178 176 177
179 178 177
178 179 180
181 180 179
180 181 182
183 182 181
184 183 181
183 184 185
163 185 184
161 163 184
161 184 186
184 187 186
184 188 187
188 189 187
188 190 189
190 191 189
190 192 191
192 193 191
192 194 193
194 195 193
194 196 195
161 186 197
198 161 197
198 197 199
200 198 199
200 199 201
202 200 201
202 201 203
204 202 203
204 203 205
206 204 205
206 205 207
208 206 207
208 207 209
165 208 209
165 209 210
167 165 210
167 210 211
212 167 211
212 211 213
196 212 213
196 213 195
207 205 214
205 203 214
211 210 214
209 207 214
210 209 214
213 211 214
195 213 214
203 201 214
193 195 214
191 193 214
189 191 214
187 189 214
186 187 214
197 186 214
201 199 214
199 197 214
215 216 217
215 217 218
218 217 219
218 219 220
221 216 215
221 222 216
222 221 223
222 223 224
225 224 223
225 223 226
227 225 226
227 226 228
228 229 227
228 230 229
230 231 229
230 232 231
232 233 231
232 234 233
234 235 233
234 236 235
236 237 235
236 238 237
238 239 237
238 240 239
240 241 239
240 242 241
243 241 242
243 242 244
245 243 244
245 244 246
247 245 246
247 246 248
249 247 248
249 248 250
249 250 251
249 251 252
252 251 253
252 253 254
255 254 253
255 253 256
257 256 253
257 258 256
259 258 257
259 260 258
261 260 259
261 262 260
263 262 261
263 264 262
265 264 263
265 266 264
265 267 266
265 268 267
269 267 268
269 268 270
268 265 271
268 271 272
273 268 272
273 272 274
272 271 275
272 275 276
265 263 277
265 277 271
278 277 263
278 263 261
278 261 259
278 259 279
279 259 257
279 257 280
281 275 271
281 271 277
282 281 277
282 283 281
284 283 282
282 285 284
282 286 285
277 278 286
277 286 282
287 285 286
287 286 288
288 286 278
288 278 279
280 288 279
289 287 288
280 289 288
289 290 287
290 289 291
290 291 292
293 292 291
293 291 294
295 293 294
295 294 296
284 297 283
298 283 297
298 297 299
300 298 299
300 301 298
301 300 302
301 302 303
303 302 304
303 304 305
306 305 304
306 307 305
308 307 306
308 306 309
309 310 308
309 311 310
311 312 310
311 313 312
313 314 312
313 315 314
315 316 314
315 317 316
318 316 317
318 317 319
320 318 319
320 319 321
321 322 320
321 323 322
323 324 322
323 325 324
325 326 324
325 327 326
328 326 327
328 327 329
330 328 329
330 329 331
296 330 331
296 331 295
295 331 332
295 332 333
333 332 334
333 334 335
335 336 333
335 337 336
337 335 338
337 338 339
340 337 339
340 339 341
341 342 340
341 343 342
344 342 343
344 343 345
345 346 344
344 346 347
344 347 348
348 342 344
345 349 346
350 346 349
350 349 351
352 350 351
352 351 353
353 354 352
353 355 354
356 354 355
356 357 354
357 356 358
357 358 359
352 354 360
357 360 354
352 360 361
350 352 361
362 359 358
362 363 359
364 363 362
364 365 363
364 366 365
365 366 367
365 367 368
368 363 365
364 369 366
369 370 366
369 371 370
372 370 371
372 371 373
374 372 373
372 374 375
372 375 376
376 370 372
374 373 377
378 374 377
378 377 379
379 380 378
379 381 380
382 375 374
382 374 378
376 383 370
383 366 370
383 367 366
384 382 378
384 378 380
380 385 384
380 386 385
387 385 386
387 386 388
389 386 380
389 390 386
390 388 386
391 387 388
391 388 392
393 392 388
390 393 388
393 394 392
395 392 394
395 394 396
397 391 392
397 392 395
395 398 397
395 399 398
399 332 398
399 334 332
400 334 399
400 401 334
335 334 401
335 401 338
398 332 331
398 331 329
397 398 329
397 329 327
327 391 397
327 325 391
325 387 391
325 323 387
323 385 387
323 321 385
384 385 321
384 321 319
319 382 384
319 317 382
317 375 382
317 315 375
376 375 315
376 315 313
313 383 376
313 311 383
311 367 383
311 309 367
368 367 309
368 309 306
306 402 368
368 402 363
403 363 402
403 359 363
359 403 404
359 404 357
357 404 360
306 304 402
302 403 402
302 402 304
404 403 302
404 302 300
360 404 300
360 300 299
361 360 299
361 299 297
405 361 297
350 361 405
346 350 405
346 405 347
405 297 284
347 405 284
347 284 285
348 347 285
348 285 287
287 406 348
348 406 342
406 340 342
406 407 340
407 337 340
407 336 337
287 290 406
290 407 406
290 292 407
292 336 407
292 293 336
333 336 293
333 293 295
408 409 410
408 410 411
409 408 412
409 412 413
218 413 412
218 412 215
414 413 218
414 218 415
409 416 410
410 416 417
410 417 276
409 418 416
418 409 413
418 413 414
412 419 215
420 215 419
420 221 215
221 420 421
221 421 223
412 422 419
408 422 412
408 423 422
411 423 408
411 424 423
421 226 223
421 425 226
425 228 226
425 426 228
308 425 421
308 310 425
310 426 425
421 420 307
421 307 308
423 303 422
422 303 305
305 307 420
305 420 419
422 305 419
423 301 303
298 301 423
298 423 424
424 283 298
310 312 426
312 427 426
426 427 228
228 427 230
427 232 230
427 428 232
234 232 428
234 428 429
429 236 234
429 430 236
430 238 236
430 431 238
431 240 238
431 432 240
432 242 240
432 433 242
244 242 433
244 433 434
246 244 434
246 434 435
435 248 246
435 436 248
436 250 248
436 437 250
438 250 437
438 251 250
439 251 438
439 253 251
291 439 438
291 289 439
294 291 438
294 438 437
296 294 437
296 437 436
436 435 330
436 330 296
435 434 328
435 328 330
439 289 280
253 439 280
253 280 257
434 326 328
434 433 326
324 326 433
324 433 432
322 324 432
322 432 431
320 322 431
320 431 430
430 318 320
430 429 318
429 316 318
429 428 316
314 316 428
314 428 427
312 314 427
440 441 399
440 399 442
424 281 283
281 424 411
281 411 275
275 411 410
275 410 276
417 272 276
417 274 272
417 443 274
273 274 443
273 443 444
444 443 445
444 445 446
446 447 444
446 448 447
446 449 448
446 450 449
450 451 449
450 452 451
452 453 451
452 454 453
454 455 453
454 456 455
269 444 447
269 270 444
456 457 455
456 458 457
459 457 458
459 458 460
461 460 458
461 458 462
463 461 462
463 462 464
463 464 465
463 465 466
466 465 467
466 467 468
468 467 469
468 469 470
470 469 471
470 471 472
473 472 471
473 474 472
475 474 473
475 476 474
477 476 475
477 478 476
479 478 477
479 480 478
481 480 479
481 482 480
483 482 481
483 484 482
485 484 483
485 486 484
486 485 487
486 487 488
488 487 489
488 489 490
491 490 489
491 489 492
492 493 491
492 494 493
494 495 493
494 496 495
496 219 495
496 220 219
496 494 497
496 497 498
414 496 498
414 415 496
499 498 497
499 497 500
500 501 499
500 502 501
499 501 416
501 417 416
501 503 417
499 416 418
418 414 498
418 498 499
500 497 504
497 505 504
497 494 505
506 505 494
506 494 492
492 507 506
492 489 507
500 504 508
502 500 508
502 508 509
507 489 487
507 487 510
510 487 485
510 485 511
512 507 510
512 510 513
513 510 511
514 512 513
514 513 515
515 513 516
513 511 516
515 516 517
517 516 518
517 518 519
512 514 520
512 520 521
520 522 521
520 523 522
524 522 523
524 523 525
526 524 525
526 525 527
527 528 526
527 529 528
528 529 530
528 530 531
519 518 532
519 532 533
534 531 530
534 535 531
535 534 536
535 536 537
538 537 536
538 539 537
540 539 538
540 538 541
541 542 540
541 543 542
544 542 543
544 545 542
546 545 544
546 547 545
548 533 532
547 546 549
547 549 550
550 549 551
550 551 552
552 551 553
552 553 554
555 554 553
555 556 554
557 556 555
557 558 556
559 558 557
559 560 558
560 559 561
560 561 548
548 561 533
562 551 549
562 549 563
564 562 563
565 562 564
565 566 562
566 565 567
565 568 567
565 569 568
566 567 570
570 567 571
570 571 572
572 571 573
572 573 574
575 574 573
575 576 574
577 575 573
577 573 578
578 573 571
576 575 579
576 579 580
580 579 581
579 582 581
581 582 583
581 583 584
584 585 581
580 581 585
584 586 585
584 583 587
584 587 588
586 584 588
589 588 587
589 590 588
591 590 589
591 592 590
592 593 590
592 594 593
591 595 592
594 592 595
591 596 595
596 597 595
596 598 597
599 597 598
599 598 600
600 601 599
600 602 601
603 601 602
603 604 601
604 605 601
599 601 605
604 606 605
604 603 607
604 607 608
608 606 604
608 607 609
608 609 610
611 610 609
611 612 610
612 611 613
612 613 614
615 614 613
615 616 614
616 615 617
616 617 618
612 619 610
612 620 619
620 612 614
618 617 621
618 621 622
622 623 618
622 624 623
622 621 625
622 625 626
624 622 626
624 626 563
627 616 618
627 618 623
628 614 616
628 616 627
620 614 628
629 626 625
629 564 626
564 563 626
620 536 619
619 536 534
619 534 630
610 619 630
610 630 608
608 630 606
630 534 530
630 530 606
606 530 529
606 529 605
605 529 527
605 527 631
599 605 631
597 599 631
597 631 632
632 595 597
632 633 595
594 595 633
520 594 633
594 520 514
594 514 593
515 593 514
515 634 593
634 590 593
634 588 590
586 588 634
520 633 523
525 523 633
525 633 632
631 525 632
631 527 525
517 586 634
517 634 515
586 517 519
586 519 585
533 585 519
533 580 585
561 580 533
561 576 580
576 561 559
576 559 574
557 574 559
557 572 574
555 572 557
555 570 572
553 570 555
553 566 570
566 553 551
566 551 562
635 636 637
638 637 636
638 636 639
638 639 640
638 640 641
642 641 640
642 640 643
644 642 643
644 645 642
646 645 644
646 647 645
648 649 650
650 651 648
652 651 650
649 652 650
652 653 651
654 653 652
654 655 653
652 656 654
652 657 656
649 657 652
658 659 660
658 660 661
661 660 662
661 662 663
664 663 662
665 666 667
665 667 668
669 668 667
670 669 667
671 669 670
672 670 667
672 667 666
673 672 666
673 666 674
665 674 666
675 673 674
674 676 675
674 677 676
678 677 674
665 678 674
679 675 676
679 680 675
680 679 681
680 681 682
682 681 683
682 683 684
685 684 683
685 683 686
685 686 687
685 687 688
689 688 687
689 690 688
689 691 690
689 692 691
691 692 693
691 693 694
694 693 695
693 696 695
693 697 696
697 698 696
694 695 699
695 700 699
695 701 700
701 702 700
703 694 699
690 704 688
688 704 705
688 705 685
685 705 706
685 706 684
706 682 684
706 707 682
707 680 682
707 708 680
708 675 680
708 709 675
675 709 673
690 710 704
711 710 690
711 690 691
694 711 691
694 703 711
712 713 714
715 714 713
712 716 713
717 718 719
720 718 717
721 722 723
721 723 724
725 723 722
725 726 723
727 726 725
728 721 724
728 729 721
730 729 728
730 731 729
732 731 730
732 730 733
732 733 734
735 736 737
738 739 740
738 740 741
742 739 738
743 744 745
743 745 746
743 747 744
743 748 747
746 745 749
746 749 750
750 749 751
750 751 752
751 753 752
751 754 753
755 747 748
755 748 756
757 755 756
757 758 755
759 758 757
759 760 758
761 760 759
761 762 760
763 762 761
763 764 762
763 765 764
754 766 753
767 768 769
768 770 769
768 771 770
770 771 772
770 772 773
773 772 774
665 775 678
776 777 778
776 778 779
780 779 778
781 782 783
784 785 786
784 786 787
785 788 786
785 789 788
787 790 784
670 791 792
670 792 671
793 794 795
795 796 793
793 796 797
795 794 798
798 799 795
800 799 798
801 799 800
800 802 801
797 796 803
803 804 797
805 804 803
803 806 805
805 806 807
808 807 806
806 809 808
808 809 810
811 810 809
801 802 812
812 813 801
814 813 812
815 813 814
814 816 815
817 815 816
818 815 817
818 817 819
819 820 818
821 820 819
822 820 821
821 823 822
822 823 824
824 825 822
826 825 824
827 825 826
826 828 827
829 827 828
828 830 829
831 829 830
832 829 831
831 833 832
811 832 833
809 832 811
822 834 820
822 835 834
832 836 829
829 836 837
829 837 838
838 837 839
840 839 835
838 839 840
840 835 822
832 841 836
809 841 832
809 842 841
806 842 809
806 843 842
803 843 806
803 844 843
796 844 803
796 845 844
795 845 796
795 846 845
799 846 795
799 847 846
801 847 799
801 848 847
813 848 801
813 849 848
815 849 813
815 850 849
818 850 815
818 851 850
820 851 818
820 834 851
847 852 846
846 852 845
850 852 849
848 852 847
849 852 848
851 852 850
834 852 851
845 852 844
835 852 834
839 852 835
837 852 839
836 852 837
841 852 836
842 852 841
844 852 843
843 852 842
853 854 464
853 464 462
855 853 462
855 462 458
856 464 854
856 465 464
857 465 856
857 467 465
467 857 858
467 858 469
469 858 859
469 859 471
860 471 859
860 473 471
861 473 860
861 475 473
862 475 861
862 477 475
863 477 862
863 479 477
479 863 864
479 864 481
865 481 864
865 483 481
485 483 865
556 860 859
556 859 554
558 861 860
558 860 556
560 862 861
560 861 558
862 560 548
862 548 863
863 548 532
863 532 864
518 865 864
518 864 532
516 865 518
516 511 865
511 485 865
858 552 554
857 552 858
857 550 552
856 550 857
856 547 550
547 856 854
547 854 545
545 854 853
545 853 542
542 853 855
542 855 540
855 866 540
866 539 540
866 867 539
867 866 456
867 456 454
868 867 454
539 867 868
868 454 452
868 452 450
868 450 869
446 869 450
446 445 869
870 869 445
870 445 871
443 871 445
443 503 871
535 869 870
535 870 531
509 531 870
509 528 531
528 509 508
528 508 526
508 524 526
508 504 524
504 522 524
504 505 522
522 505 506
522 506 521
507 521 506
507 512 521
417 503 443
869 535 537
869 537 868
539 868 537
579 872 582
872 579 873
872 873 874
875 571 876
875 876 568
578 571 877
878 879 564
878 564 880
620 538 536
538 620 628
538 628 541
541 628 627
541 627 543
543 627 623
543 623 544
624 544 623
624 546 544
546 624 563
546 563 549
858 554 859
458 456 866
458 866 855
871 503 501
871 501 502
870 871 502
870 502 509
881 882 883
884 883 882
884 885 883
884 886 885
884 887 886
888 886 887
888 889 886
890 889 888
890 888 891
892 890 891
892 891 893
