byte offset: 0
first index: 0
index count: 4260
topology: trianglelist
format: DXGI_FORMAT_R16_UINT

0 1 2
0 2 3
4 3 2
4 5 3
6 1 0
7 6 0
7 0 8
8 9 7
8 10 9
11 9 10
11 12 9
11 13 12
11 14 13
15 13 14
15 16 13
17 16 15
17 18 16
18 17 19
18 19 20
21 20 19
21 22 20
23 22 21
23 21 24
23 24 25
23 25 26
25 27 26
25 28 27
28 29 27
28 30 29
31 29 30
31 32 29
33 32 31
32 33 34
34 33 35
34 35 36
37 34 36
37 36 38
39 37 38
39 38 40
40 41 39
40 42 41
41 42 43
41 43 44
45 44 43
45 46 44
47 46 45
47 48 46
48 47 49
48 49 50
51 46 48
51 48 50
51 52 46
52 44 46
51 53 52
53 54 52
52 54 44
54 41 44
53 55 54
51 56 53
51 50 57
51 57 58
51 58 56
58 59 56
58 60 59
61 53 56
61 56 59
61 55 53
62 61 59
62 59 63
60 63 59
64 62 63
64 63 65
2 64 65
2 1 64
4 2 65
4 65 66
63 66 65
60 67 63
63 67 66
68 64 1
68 69 64
62 64 69
62 69 70
61 62 70
61 70 71
61 71 55
69 68 72
69 72 73
73 70 69
74 73 72
74 75 73
73 75 76
73 76 77
73 77 70
77 71 70
78 75 74
76 75 78
78 74 79
77 76 80
77 80 81
55 71 81
77 81 71
55 81 82
83 80 76
83 76 84
76 78 84
81 80 85
81 85 82
82 85 86
82 86 87
86 88 87
86 89 88
88 54 87
88 90 54
54 90 41
91 88 89
91 92 88
93 89 86
93 86 85
93 94 89
94 91 89
55 82 87
55 87 54
94 95 91
96 91 95
96 97 91
95 94 98
93 98 94
95 98 99
96 95 99
98 100 99
101 99 100
101 102 99
96 99 102
103 102 101
103 96 102
103 101 104
98 105 100
103 104 106
98 107 105
98 108 107
109 107 108
109 110 107
111 110 109
111 112 110
111 113 112
111 114 113
115 113 114
115 116 113
111 109 117
108 117 109
111 117 83
114 111 83
115 118 116
115 119 118
118 119 120
120 121 118
120 119 79
79 119 115
121 120 122
121 122 123
124 122 120
124 120 125
120 79 125
126 124 125
126 125 127
127 125 79
126 127 128
126 128 129
130 129 128
130 128 131
130 131 6
130 6 7
121 123 132
121 132 133
134 132 123
122 134 123
134 135 132
136 135 134
136 134 137
138 136 137
138 137 139
140 138 139
140 139 141
140 141 142
143 142 141
143 144 142
145 143 141
134 145 137
145 141 139
145 139 137
145 146 143
147 143 146
147 146 148
146 149 148
146 150 149
151 148 149
147 148 151
151 149 152
151 152 153
151 153 154
154 153 9
154 9 12
12 155 154
155 151 154
12 13 155
147 151 156
155 156 151
157 147 156
157 156 158
155 158 156
155 159 158
13 159 155
13 16 159
158 159 160
158 160 161
158 161 157
157 161 162
157 162 144
163 162 161
163 164 162
165 163 161
165 161 160
165 160 166
16 166 159
160 159 166
18 166 16
167 166 18
165 166 167
167 18 20
167 20 22
167 22 168
165 167 168
169 168 22
169 22 23
23 170 169
23 26 170
169 171 168
171 163 165
165 168 171
169 172 171
171 172 173
171 173 174
173 175 174
173 176 175
177 175 176
175 177 178
175 178 164
164 174 175
177 176 179
180 177 179
180 178 177
180 179 181
182 181 179
182 183 181
179 176 184
179 184 182
185 164 178
186 185 178
186 178 180
186 187 185
185 187 140
185 140 142
162 185 142
185 162 164
162 142 144
188 180 181
188 186 180
188 181 189
190 140 187
190 191 140
140 191 138
187 186 192
187 192 190
188 192 186
182 106 183
193 183 106
193 106 194
194 106 104
194 104 195
196 195 104
196 104 101
101 197 196
101 100 197
105 197 100
105 198 197
199 198 105
199 105 107
199 107 110
199 110 200
200 110 112
200 112 201
201 112 113
201 113 202
203 202 113
203 113 116
116 204 203
116 118 204
133 204 118
133 118 121
103 205 206
103 206 207
103 207 96
205 184 206
205 182 184
182 205 106
103 106 205
207 97 96
207 208 97
208 207 206
208 206 209
184 209 206
184 210 209
176 210 184
176 173 210
211 210 173
211 173 172
211 172 169
211 169 170
211 170 212
27 212 170
27 170 26
211 212 213
213 209 210
213 210 211
214 97 208
214 91 97
214 92 91
214 208 215
215 209 213
215 208 209
213 216 215
216 213 212
212 27 29
212 29 216
92 214 217
215 217 214
217 215 216
92 217 218
218 88 92
218 90 88
39 90 218
217 39 218
39 41 90
217 37 39
216 29 32
219 216 32
219 37 217
216 219 217
34 219 32
219 34 37
220 150 146
220 146 145
124 150 220
149 150 124
149 124 126
152 149 126
152 126 129
130 152 129
130 153 152
9 153 130
9 130 7
124 220 122
122 220 134
134 220 145
108 93 117
93 108 98
93 85 117
117 85 80
117 80 83
114 83 84
84 115 114
84 78 115
79 115 78
127 79 74
72 127 74
72 128 127
131 128 72
131 72 68
6 131 68
6 68 1
143 147 157
143 157 144
171 174 163
164 163 174
193 189 181
193 181 183
221 222 223
221 223 224
221 224 225
221 225 226
227 223 222
226 225 228
226 228 229
223 227 230
223 230 231
232 231 230
232 233 231
232 234 233
235 233 234
235 236 233
235 237 236
238 236 237
238 239 236
238 240 239
241 239 240
241 242 239
241 243 242
242 243 244
242 244 245
246 245 244
247 245 246
247 246 248
249 247 248
250 247 249
250 249 251
252 250 251
252 253 250
253 252 254
253 254 255
256 255 254
256 228 255
256 229 228
255 257 253
257 250 253
255 258 257
228 258 255
259 245 247
259 260 245
261 245 260
261 260 262
262 239 261
262 263 239
264 239 263
264 236 239
265 236 264
265 233 236
231 233 265
231 265 266
266 223 231
266 267 223
268 223 267
268 224 223
225 224 268
225 268 269
267 270 268
264 270 265
265 270 266
266 270 267
262 270 263
263 270 264
268 270 271
272 225 271
271 270 272
272 228 225
228 272 258
272 270 258
258 270 257
257 270 273
257 273 250
273 247 250
273 259 247
273 270 259
259 270 260
260 270 262
274 275 276
274 276 277
4 276 275
4 275 5
278 274 277
279 274 278
279 280 274
280 279 281
280 281 282
283 282 281
283 281 284
283 284 285
283 285 286
287 286 285
287 285 288
289 287 288
289 288 290
290 291 289
290 292 291
293 291 292
293 292 294
295 293 294
295 296 293
295 297 296
295 298 297
297 298 299
297 299 300
300 299 301
300 301 302
303 302 301
303 301 304
305 303 304
304 306 305
306 307 305
306 308 307
309 308 306
309 310 308
311 310 309
311 312 310
312 311 313
312 313 314
313 315 314
313 316 315
317 315 316
317 316 318
319 317 318
319 318 320
320 49 319
320 50 49
321 320 318
321 50 320
321 318 322
322 318 316
321 322 323
323 322 324
322 316 324
324 316 313
323 324 325
321 323 326
321 57 50
321 326 58
321 58 57
58 326 327
58 327 60
328 327 326
328 326 323
328 323 325
329 327 328
329 330 327
60 327 330
331 330 329
331 332 330
276 332 331
276 331 277
4 332 276
4 66 332
330 332 66
60 330 67
330 66 67
333 277 331
333 331 334
329 334 331
329 335 334
328 335 329
328 336 335
328 325 336
334 337 333
334 338 337
338 334 335
339 337 338
339 338 340
338 341 340
338 342 341
338 335 342
342 335 336
343 339 340
341 343 340
343 344 339
342 345 341
342 346 345
325 346 336
342 336 346
325 347 346
348 341 345
348 349 341
341 349 343
346 347 350
346 350 345
347 351 350
347 352 351
351 352 353
351 353 354
353 352 324
353 324 355
324 313 355
356 354 353
356 353 357
358 351 354
358 350 351
358 354 359
359 354 356
325 324 352
325 352 347
359 356 360
361 360 356
361 356 362
360 363 359
358 359 363
360 364 363
361 364 360
363 364 365
366 365 364
366 364 367
361 367 364
368 366 367
368 367 361
368 369 366
363 365 370
368 371 369
368 372 371
368 373 372
368 374 373
368 361 374
374 361 362
363 370 375
363 375 376
377 376 375
377 375 378
379 377 378
379 378 380
379 380 381
379 381 382
383 382 381
383 381 384
379 385 377
376 377 385
379 348 385
382 348 379
383 384 386
383 386 387
386 388 387
388 386 389
388 344 387
344 383 387
389 390 388
389 391 390
392 388 390
392 393 388
388 393 344
394 393 392
394 395 393
395 344 393
394 396 395
394 397 396
398 396 397
398 399 396
398 278 399
398 279 278
389 400 391
389 401 400
402 391 400
390 391 402
402 400 403
404 402 403
404 405 402
406 405 404
406 407 405
408 407 406
408 409 407
408 410 409
411 409 410
411 410 412
413 409 411
402 405 413
413 405 407
413 407 409
413 411 414
415 414 411
415 416 414
414 416 417
414 417 418
419 417 416
415 419 416
419 420 417
419 421 420
419 422 421
422 281 421
422 284 281
284 422 423
423 422 419
284 423 285
415 424 419
423 419 424
425 424 415
425 426 424
423 424 426
423 426 427
285 423 427
285 427 288
426 428 427
426 429 428
426 425 429
425 430 429
425 412 430
431 429 430
431 430 432
433 428 429
433 429 431
433 434 428
288 427 434
428 434 427
290 288 434
435 290 434
433 435 434
435 292 290
435 294 292
435 436 294
433 436 435
437 294 436
437 295 294
295 437 438
295 438 298
437 436 439
439 433 431
433 439 436
437 439 440
439 441 440
439 442 441
441 442 443
441 443 444
445 444 443
443 446 445
443 432 446
432 443 442
445 447 444
448 447 445
448 445 446
448 449 447
450 447 449
450 449 451
447 450 452
447 452 444
453 446 432
454 446 453
454 448 446
454 453 455
453 408 455
453 410 408
430 410 453
453 432 430
430 412 410
456 449 448
456 448 454
456 457 449
458 455 408
458 408 459
408 406 459
455 458 460
455 460 454
456 454 460
450 451 371
461 371 451
461 462 371
462 369 371
462 463 369
464 369 463
464 366 369
366 464 465
366 465 365
370 365 465
370 465 466
467 370 466
467 375 370
467 378 375
467 468 378
468 380 378
468 469 380
469 381 380
469 470 381
471 381 470
471 384 381
384 471 472
384 472 386
401 386 472
401 389 386
473 413 414
473 414 418
392 473 418
417 392 418
417 394 392
420 394 417
420 397 394
398 397 420
398 420 421
281 398 421
281 279 398
392 390 473
390 402 473
402 413 473
376 385 358
358 363 376
358 385 350
385 345 350
385 348 345
382 349 348
349 382 383
349 383 343
344 343 383
395 339 344
337 339 395
337 395 396
399 337 396
399 333 337
278 333 399
278 277 333
411 412 425
411 425 415
439 431 442
432 442 431
474 438 437
474 437 440
474 440 441
474 441 475
444 475 441
444 452 475
452 476 475
452 373 476
372 373 452
372 452 450
450 371 372
477 476 373
477 373 374
374 362 477
474 478 438
299 438 478
299 298 438
479 475 476
474 479 478
479 474 475
480 477 362
480 362 356
480 356 357
480 481 477
481 479 476
481 476 477
479 481 482
482 478 479
478 482 301
478 301 299
357 483 480
481 480 483
483 482 481
357 484 483
484 357 353
484 353 355
311 484 355
483 484 311
311 355 313
483 311 309
482 304 301
485 304 482
485 483 309
482 483 485
306 304 485
485 309 306
461 451 449
461 449 457
486 487 488
486 488 489
486 490 487
486 491 490
492 489 488
491 493 490
491 494 493
488 495 492
488 496 495
497 495 496
497 496 498
497 498 499
500 499 498
500 498 501
500 501 502
503 502 501
503 501 504
503 504 505
506 505 504
506 504 507
506 507 508
507 509 508
507 510 509
511 509 510
512 511 510
512 513 511
514 513 512
515 514 512
515 516 514
517 516 515
517 515 518
518 519 517
518 520 519
521 519 520
521 520 493
521 493 494
520 518 522
522 518 515
520 522 523
493 520 523
524 512 510
524 510 525
526 525 510
526 527 525
527 526 504
527 504 528
529 528 504
529 504 501
530 529 501
530 501 498
496 530 498
496 531 530
531 496 488
531 488 532
533 532 488
533 488 487
490 533 487
490 534 533
532 533 535
529 530 535
530 531 535
531 532 535
527 528 535
528 529 535
533 536 535
537 536 490
536 537 535
537 490 493
493 523 537
537 523 535
523 522 535
522 538 535
522 515 538
538 515 512
538 512 524
538 524 535
524 525 535
525 527 535
539 540 541
542 541 540
542 543 541
542 544 543
542 545 544
546 544 545
546 547 544
547 546 548
548 549 547
549 548 550
550 551 549
550 552 551
553 551 552
553 552 554
555 552 550
555 550 548
555 556 552
557 554 552
557 552 556
558 554 557
558 559 554
554 559 553
553 559 560
561 560 559
562 560 561
563 562 561
563 561 564
563 565 562
565 563 566
565 566 567
568 561 559
568 569 561
570 566 563
570 571 566
566 571 567
570 572 571
570 563 573
573 563 564
569 574 561
575 574 569
575 576 574
576 575 577
576 577 578
579 578 577
579 580 578
581 580 579
571 572 582
583 571 582
584 583 582
584 585 583
586 584 582
583 585 587
583 587 588
589 588 587
589 590 588
590 589 591
589 592 591
592 589 587
592 587 585
583 588 571
567 571 588
586 582 593
586 593 594
593 595 594
572 595 593
572 593 582
548 596 597
548 597 598
599 597 596
555 548 598
600 601 602
601 603 602
601 604 603
603 604 605
603 605 606
606 605 607
606 607 608
609 608 607
609 610 608
611 612 613
611 613 614
613 612 615
615 612 616
617 615 616
617 616 618
619 617 618
619 620 617
621 620 619
621 622 620
622 621 623
622 623 624
625 624 623
625 626 624
627 626 625
627 628 626
627 629 628
614 630 631
630 632 631
630 633 632
634 632 633
634 633 635
634 635 636
634 636 637
638 637 636
614 631 611
639 640 641
639 641 642
639 642 643
639 643 644
644 643 645
644 645 646
647 646 645
647 648 646
649 648 647
642 641 650
641 651 650
652 650 651
653 652 651
653 654 652
652 655 650
651 656 653
651 657 656
654 658 652
652 658 655
657 659 656
660 659 657
661 660 657
641 661 657
641 657 651
661 662 660
662 663 660
662 664 663
665 663 664
660 666 659
663 666 660
663 667 666
667 663 668
665 669 663
670 669 665
669 670 671
672 669 671
669 672 673
669 673 663
673 674 663
670 665 675
675 676 670
670 676 677
676 678 677
676 679 678
670 677 680
681 679 676
676 675 681
678 679 682
683 682 679
683 679 684
679 685 684
685 679 681
678 682 686
686 682 687
682 683 687
685 688 684
685 689 688
670 680 690
671 670 690
690 691 671
690 692 691
693 691 692
693 692 694
693 694 695
693 695 696
697 696 695
697 698 696
698 693 696
698 699 693
699 691 693
699 700 691
671 691 700
671 700 672
701 702 703
703 702 704
703 704 705
705 704 706
705 706 707
708 707 706
708 709 707
709 708 710
710 708 711
712 713 714
712 714 715
713 712 716
717 718 719
720 719 718
720 721 719
721 720 722
721 722 723
723 722 724
723 724 725
724 673 725
724 674 673
726 727 728
726 728 729
726 729 730
730 729 731
730 731 732
733 732 731
733 734 732
734 733 735
736 737 738
736 738 739
739 740 736
739 741 740
742 738 737
742 737 743
744 742 743
744 743 745
744 745 746
747 748 749
747 749 750
747 668 748
747 667 668
750 749 751
750 751 752
752 751 753
752 753 754
754 753 755
756 757 758
756 758 759
757 756 760
759 758 761
759 761 762
763 762 761
763 764 762
764 763 765
764 765 766
766 765 767
766 767 768
768 767 769
768 769 770
770 769 771
770 771 772
773 772 771
773 774 772
774 773 775
774 775 776
777 776 775
778 779 780
781 780 779
781 779 782
781 782 783
781 783 784
785 784 783
785 783 786
786 787 785
787 786 788
788 789 787
789 788 790
789 790 791
792 791 790
792 793 791
794 789 791
794 787 789
794 791 795
796 795 791
796 791 793
797 796 793
797 793 798
793 792 798
792 799 798
800 798 799
801 800 799
802 800 801
802 803 800
802 801 804
804 805 802
804 806 805
807 798 800
807 800 808
809 802 805
809 805 810
805 806 810
809 810 811
809 812 802
812 803 802
808 800 813
814 808 813
814 813 815
815 816 814
815 817 816
818 816 817
818 817 819
820 818 819
810 821 811
822 821 810
823 821 822
823 822 824
825 821 823
822 826 824
822 827 826
828 826 827
828 827 829
829 830 828
828 830 831
831 824 826
831 826 828
822 810 827
806 827 810
825 832 821
825 833 832
832 833 834
811 832 834
811 821 832
787 835 836
787 836 837
838 837 836
794 835 787
839 840 841
841 840 842
841 842 843
842 844 843
842 845 844
845 846 844
845 847 846
848 846 847
848 847 849
850 851 852
850 853 851
851 854 852
854 855 852
856 855 854
856 857 855
858 857 856
858 856 859
860 858 859
860 859 861
861 862 860
861 863 862
864 862 863
864 863 865
866 864 865
866 865 867
866 867 868
853 869 870
870 869 871
870 871 872
873 872 871
873 874 872
873 875 874
873 876 875
877 875 876
853 850 869
878 879 880
878 881 879
878 882 881
878 883 882
883 884 882
883 885 884
886 884 885
886 885 887
888 886 887
881 889 879
879 889 890
891 890 889
892 890 891
892 891 893
891 889 894
890 892 895
890 895 896
893 891 897
891 894 897
896 895 898
899 896 898
900 896 899
879 896 900
879 890 896
900 899 901
901 899 902
901 902 903
904 903 902
899 898 905
902 899 905
902 905 906
906 907 902
904 902 908
909 904 908
908 910 909
911 910 908
908 912 911
908 902 912
912 902 913
909 914 904
914 909 915
909 916 915
915 916 917
915 917 918
909 919 916
920 915 918
915 920 914
917 921 918
922 918 921
922 923 918
918 923 924
924 920 918
917 925 921
925 926 921
921 926 922
924 923 927
924 927 928
909 929 919
910 929 909
929 910 930
929 930 931
932 931 930
932 933 931
932 934 933
932 935 934
936 934 935
936 935 937
937 935 932
937 932 938
938 932 930
938 930 939
910 939 930
910 911 939
940 941 942
941 943 942
941 944 943
944 945 943
944 946 945
947 945 946
947 946 948
948 949 947
949 950 947
951 952 953
951 953 954
954 955 951
956 957 958
959 958 957
959 957 960
960 961 959
960 962 961
962 963 961
962 964 963
963 964 912
963 912 913
965 966 967
965 968 966
965 969 968
969 970 968
969 971 970
972 970 971
972 971 973
973 974 972
975 976 977
975 977 978
976 975 979
976 979 980
981 978 977
981 982 978
983 982 981
983 984 982
983 985 984
986 987 988
986 988 989
986 989 907
986 907 906
987 990 988
987 991 990
991 992 990
991 993 992
993 994 992
995 996 997
995 997 998
998 999 995
996 1000 997
996 1001 1000
1002 1000 1001
1002 1001 1003
1003 1004 1002
1003 1005 1004
1005 1006 1004
1005 1007 1006
1007 1008 1006
1007 1009 1008
1009 1010 1008
1009 1011 1010
1012 1010 1011
1012 1011 1013
1013 1014 1012
1013 1015 1014
1016 1014 1015
