byte offset: 0
first index: 0
index count: 4416
topology: trianglelist
format: DXGI_FORMAT_R16_UINT

0 1 2
1 3 2
1 4 3
4 5 3
1 0 6
0 7 6
6 7 8
7 9 8
7 10 9
10 11 9
10 12 11
12 13 11
13 14 11
14 15 11
9 11 16
11 15 16
15 14 17
18 15 17
18 17 19
18 19 20
21 18 20
22 18 21
18 22 15
22 16 15
23 22 21
23 21 24
25 23 24
17 26 19
23 25 27
25 28 27
27 29 23
29 22 23
27 28 30
28 31 30
29 27 32
27 30 32
29 33 22
33 16 22
19 26 34
26 35 34
24 21 36
32 37 29
37 33 29
16 33 9
33 8 9
37 38 33
38 8 33
6 8 38
39 6 38
1 6 39
4 1 39
34 35 40
34 40 41
42 34 41
42 41 43
44 43 41
45 44 41
46 42 43
42 46 20
20 19 42
19 34 42
46 36 20
21 20 36
4 39 47
47 39 48
49 4 47
47 50 49
50 47 48
50 51 49
43 52 46
52 53 46
36 46 53
51 50 54
55 54 50
54 55 56
57 54 56
57 56 58
56 59 58
60 58 59
61 60 59
62 59 56
63 62 56
56 55 63
62 63 64
63 65 64
66 64 65
66 67 64
67 68 64
64 68 62
69 66 65
65 63 70
55 70 63
71 65 70
65 71 69
72 67 66
73 72 66
73 66 69
72 73 74
72 74 75
76 72 75
72 76 67
76 75 77
78 76 77
73 79 74
73 80 79
80 73 69
80 81 79
82 76 78
76 82 67
68 67 82
83 82 78
82 83 84
83 85 84
86 84 85
87 86 85
88 86 87
89 88 87
86 88 61
90 86 61
84 86 90
89 91 88
91 92 88
61 88 92
90 61 59
62 90 59
68 90 62
84 68 82
68 84 90
91 93 92
93 94 92
94 93 95
96 94 95
92 94 60
60 61 92
94 97 60
94 96 97
60 97 58
97 98 58
98 97 99
96 99 97
100 98 99
101 98 100
102 101 100
103 101 102
104 103 102
101 57 98
57 58 98
103 104 105
51 103 105
57 101 54
101 103 54
103 51 54
51 105 106
49 51 106
106 5 49
5 4 49
107 108 109
108 110 109
110 108 111
112 110 111
113 110 112
114 113 112
112 115 114
115 116 114
114 116 117
116 118 117
117 118 119
118 120 119
109 110 121
110 113 121
122 121 113
123 122 113
121 124 109
124 125 109
122 126 121
126 124 121
124 126 127
128 124 127
125 124 128
129 128 127
130 129 127
131 129 130
132 131 130
131 132 133
132 134 133
133 134 135
136 133 135
136 135 137
138 136 137
131 139 129
139 140 129
128 129 140
133 136 141
142 133 141
133 142 131
142 139 131
139 142 143
144 139 143
139 144 140
143 142 145
142 141 145
143 146 144
146 147 144
144 147 148
144 148 140
149 140 148
150 149 148
125 149 150
151 125 150
147 152 148
150 148 152
149 125 128
149 128 140
125 151 107
107 151 153
151 154 153
109 125 107
145 155 143
155 146 143
153 154 156
156 154 157
156 157 158
158 157 159
157 160 159
157 161 160
161 152 160
154 161 157
154 151 161
162 159 160
163 162 160
163 160 152
164 162 163
165 164 163
166 156 158
156 166 167
166 168 167
167 168 169
168 170 169
167 169 153
167 153 156
169 171 153
172 164 165
173 172 165
174 172 173
175 174 173
173 155 175
155 176 175
169 170 177
171 169 177
170 178 177
177 178 179
180 177 179
177 180 181
181 171 177
108 171 181
111 108 181
180 182 181
181 182 111
180 179 183
184 180 183
182 180 184
155 145 176
145 185 176
145 141 185
141 186 185
141 136 186
136 138 186
182 187 111
111 187 112
187 115 112
187 188 115
188 189 115
115 189 116
189 190 116
182 191 187
191 188 187
116 190 118
190 192 118
118 192 120
192 193 120
120 193 194
120 194 119
194 195 119
119 195 196
195 197 196
197 195 198
199 197 198
200 196 197
201 200 197
197 199 201
193 202 194
202 203 194
203 202 204
205 203 204
203 206 194
194 206 195
206 198 195
200 207 196
207 208 196
207 123 208
123 113 208
208 113 114
117 208 114
196 208 117
119 196 117
209 204 202
193 209 202
210 209 193
192 210 193
203 205 211
210 192 212
192 190 212
213 212 190
189 213 190
213 189 214
189 188 214
214 188 215
188 191 215
215 191 216
191 184 216
191 182 184
216 184 217
184 183 217
211 218 219
218 220 219
221 219 220
222 221 220
222 220 223
224 222 223
224 223 225
223 226 225
227 226 223
227 228 226
228 229 226
228 230 229
230 231 229
232 227 223
218 232 220
232 223 220
230 233 231
233 234 231
233 235 234
235 236 234
224 225 237
238 224 237
226 229 81
226 81 225
229 79 81
229 231 79
234 236 75
236 77 75
231 234 74
234 75 74
231 74 79
239 238 237
240 239 237
240 237 241
241 237 242
242 81 243
241 242 243
81 80 243
244 243 80
69 244 80
71 244 69
243 244 245
245 241 243
241 245 246
246 240 241
245 247 246
246 247 248
247 31 248
31 247 249
30 31 249
30 249 250
250 249 251
71 251 244
249 252 251
244 252 245
251 252 244
245 252 247
252 249 247
32 30 250
32 250 253
253 250 251
37 32 253
253 48 37
48 253 254
251 71 254
254 253 251
255 48 254
48 38 37
39 38 48
255 254 70
71 70 254
55 255 70
255 55 50
255 50 48
256 257 258
257 259 258
10 257 256
257 10 7
0 257 7
257 0 259
12 10 256
0 2 259
260 256 258
261 260 258
260 262 256
262 12 256
12 262 263
13 12 263
14 13 263
264 14 263
264 263 265
263 266 265
263 262 266
262 267 266
262 260 267
266 267 268
267 269 268
14 264 17
264 270 17
17 270 271
271 270 272
270 273 272
270 274 273
270 264 274
264 265 274
274 275 273
273 275 276
275 277 276
26 17 271
277 275 278
279 277 278
274 280 275
280 278 275
279 278 281
282 279 281
281 278 283
278 280 283
284 280 274
265 284 274
26 271 285
35 26 285
273 276 286
284 287 280
287 283 280
284 265 266
268 284 266
268 288 284
288 287 284
268 269 288
269 289 288
269 290 289
291 290 269
290 291 292
293 290 292
294 290 293
290 294 289
295 294 293
267 291 269
260 291 267
292 291 261
291 260 261
296 288 289
288 296 287
297 296 289
289 294 297
294 295 298
294 298 297
299 297 298
296 297 299
300 299 298
295 301 298
300 298 301
299 300 302
302 303 299
303 302 304
302 305 304
304 305 306
307 304 306
306 308 307
308 309 307
307 310 304
310 311 304
303 304 311
311 310 312
313 311 312
312 314 313
315 314 312
316 315 312
316 312 310
314 317 313
311 313 318
318 303 311
313 319 318
319 313 317
315 320 314
320 321 314
314 321 317
321 320 322
322 320 323
320 324 323
324 320 315
323 324 77
324 78 77
325 321 322
326 321 325
321 326 317
327 326 325
78 324 328
328 324 315
315 316 328
83 78 328
328 329 83
329 85 83
85 329 330
87 85 330
87 330 331
89 87 331
331 330 309
330 332 309
330 329 332
91 89 331
333 91 331
331 309 333
307 309 332
310 307 332
332 316 310
316 329 328
329 316 332
93 91 333
334 93 333
93 334 95
334 335 95
334 333 308
309 308 333
336 334 308
335 334 336
336 308 306
337 336 306
336 337 338
338 335 336
337 339 338
337 340 339
340 341 339
341 340 342
343 341 342
306 305 337
305 340 337
343 342 344
342 300 344
305 302 340
302 342 340
300 342 302
344 300 301
35 345 40
40 345 41
345 45 41
345 35 346
35 285 346
346 285 347
45 345 347
345 346 347
44 45 347
348 44 347
347 349 348
285 349 347
349 350 348
285 271 349
271 272 349
350 349 272
286 350 272
272 273 286
351 348 350
352 351 350
350 286 352
353 351 352
354 351 353
44 348 354
348 351 354
44 354 43
354 52 43
52 354 355
354 356 355
356 354 353
52 355 53
355 357 53
358 53 357
359 358 357
360 358 359
361 360 359
360 361 362
361 363 362
362 363 364
363 365 364
358 36 53
362 364 28
25 362 28
360 362 25
24 360 25
36 358 24
358 360 24
28 364 31
364 248 31
364 365 248
365 366 248
248 366 246
366 240 246
240 366 367
367 239 240
239 367 368
368 369 239
369 368 370
371 369 370
371 370 372
199 371 372
199 372 201
371 199 373
199 198 373
373 198 221
221 222 373
222 374 373
373 374 371
374 369 371
222 224 374
224 238 374
374 238 369
238 239 369
198 206 221
219 221 206
203 219 206
219 203 211
147 163 152
165 163 147
146 165 147
173 165 146
155 173 146
161 150 152
151 150 161
153 171 107
171 108 107
81 242 225
237 225 242
375 376 377
376 378 377
376 379 378
379 380 378
375 377 381
382 375 381
382 381 383
384 382 383
379 385 380
385 386 380
385 387 386
387 388 386
378 389 377
389 378 380
389 390 377
377 390 381
391 383 381
392 391 381
390 392 381
393 389 380
393 380 386
394 393 386
394 386 388
395 394 388
390 389 396
397 390 396
392 390 397
391 392 398
398 392 397
399 391 398
396 389 400
389 393 400
400 393 401
393 394 401
401 394 402
394 395 402
397 396 403
404 397 403
398 397 404
399 398 405
405 398 404
406 399 405
403 396 407
396 400 407
407 400 408
400 401 408
408 401 409
401 402 409
405 410 406
410 411 406
411 410 412
410 413 412
414 412 413
415 414 413
416 414 415
417 416 415
417 418 416
418 419 416
418 420 419
420 421 419
422 420 418
423 422 418
423 418 417
424 422 423
425 424 423
426 424 425
427 426 425
428 426 427
429 428 427
428 429 430
431 428 430
425 423 432
432 423 417
433 425 432
427 425 433
434 427 433
429 427 434
435 429 434
435 436 429
436 430 429
432 437 433
437 438 433
434 433 438
439 434 438
435 434 439
440 435 439
436 435 440
415 437 432
417 415 432
441 436 440
438 437 442
437 443 442
437 415 443
439 438 444
438 442 444
440 439 445
439 444 445
415 413 443
441 440 446
440 445 446
447 443 413
410 447 413
447 448 443
448 442 443
448 449 442
449 444 442
449 450 444
450 445 444
445 450 446
410 405 447
405 404 447
447 404 448
404 403 448
448 403 449
403 407 449
449 407 450
407 408 450
409 450 408
451 452 453
452 454 453
452 451 455
451 456 455
451 457 456
457 458 456
459 456 458
460 459 458
460 458 461
462 460 461
462 461 463
464 462 463
457 451 465
451 453 465
457 465 466
467 457 466
468 465 453
469 468 453
468 470 465
470 466 465
470 468 471
468 472 471
468 469 472
472 473 471
473 474 471
473 475 474
475 476 474
476 475 477
478 476 477
478 477 479
477 480 479
479 480 137
480 138 137
481 475 473
482 481 473
473 472 482
480 477 483
477 484 483
481 484 475
484 477 475
484 481 485
481 486 485
486 481 482
483 484 487
484 485 487
488 485 486
489 488 486
489 486 490
490 486 482
482 491 490
491 492 490
492 491 469
493 492 469
494 489 490
490 492 494
469 491 472
472 491 482
493 469 454
493 454 495
496 493 495
469 453 454
488 497 485
497 487 485
496 495 498
496 498 499
499 498 500
499 500 501
502 499 501
494 503 502
503 499 502
503 496 499
496 503 493
501 504 502
504 505 502
502 505 494
504 506 505
506 507 505
498 508 500
508 498 509
510 508 509
510 509 511
512 510 511
511 509 495
495 509 498
513 511 495
506 514 507
514 515 507
514 174 515
174 175 515
497 515 175
176 497 175
511 516 512
511 513 516
516 517 512
517 516 518
516 519 518
519 516 520
513 520 516
513 452 520
452 455 520
521 519 520
521 520 455
518 519 522
519 523 522
519 521 523
487 497 176
185 487 176
483 487 185
186 483 185
480 483 186
138 480 186
524 521 455
524 455 456
459 524 456
525 524 459
526 525 459
526 459 460
527 526 460
525 528 524
528 521 524
521 528 523
527 460 462
529 527 462
529 462 464
530 529 464
464 531 530
531 464 463
532 531 463
532 463 533
534 532 533
532 534 535
534 536 535
533 537 534
537 538 534
536 534 538
531 539 530
540 539 531
539 540 541
540 542 541
543 540 531
535 543 532
543 531 532
544 537 533
545 544 533
467 544 545
457 467 545
457 545 458
545 461 458
461 545 533
463 461 533
539 541 546
530 539 546
546 547 530
547 529 530
548 542 540
549 548 540
549 540 543
550 548 549
551 550 549
549 552 551
552 553 551
551 553 554
553 555 554
554 555 556
557 554 556
557 558 554
559 558 557
560 559 557
561 559 560
562 561 560
558 563 554
554 563 551
563 550 551
564 561 562
565 564 562
235 564 565
236 235 565
556 555 566
555 567 566
560 557 327
327 557 556
325 560 327
562 560 325
236 565 323
77 236 323
323 565 322
565 562 322
322 562 325
567 568 566
568 569 566
566 569 570
566 570 571
571 572 327
571 570 572
572 326 327
572 573 326
573 317 326
573 319 317
573 572 574
570 574 572
574 570 575
569 575 570
576 574 575
576 575 577
282 576 577
576 282 578
282 281 578
578 281 579
578 579 580
319 573 580
581 578 580
581 573 574
573 581 580
578 581 576
581 574 576
281 283 579
579 283 582
580 579 582
283 287 582
296 582 287
583 582 296
319 580 583
583 580 582
584 583 296
583 584 318
318 319 583
584 303 318
303 584 299
584 296 299
577 585 282
585 279 282
585 586 279
587 586 585
588 587 585
588 585 577
587 589 586
589 590 586
590 589 591
592 590 591
592 591 593
352 592 593
593 353 352
286 592 352
586 277 279
586 590 277
590 276 277
590 592 276
592 286 276
594 588 577
594 577 575
569 594 575
569 595 594
595 569 568
568 596 595
596 568 597
596 597 598
597 599 598
598 599 600
599 536 600
600 536 538
536 599 601
535 536 601
535 601 552
553 552 601
602 553 601
597 602 599
602 601 599
555 553 602
567 555 602
568 567 597
567 602 597
543 535 552
552 549 543
505 489 494
505 507 489
507 488 489
507 515 488
515 497 488
492 503 494
503 492 493
452 513 454
513 495 454
571 327 556
556 566 571
603 604 527
604 526 527
527 529 603
529 547 603
526 604 605
525 526 605
525 605 606
528 525 606
528 606 607
523 528 607
523 607 608
522 523 608
609 610 611
610 612 611
613 610 609
614 613 609
611 612 615
612 616 615
615 616 383
616 384 383
617 613 614
618 617 614
619 617 618
620 619 618
621 609 611
614 609 621
622 621 611
622 611 615
383 391 615
391 623 615
623 622 615
624 614 621
618 614 624
625 618 624
620 618 625
626 620 625
621 622 627
622 628 627
622 623 628
623 391 629
623 629 628
391 399 629
624 621 630
621 627 630
625 624 631
624 630 631
626 625 632
625 631 632
627 628 633
628 634 633
628 629 634
629 399 635
629 635 634
399 406 635
630 627 636
627 633 636
631 630 637
630 636 637
632 631 638
631 637 638
639 635 406
411 639 406
639 411 412
640 639 412
412 414 640
414 641 640
414 416 641
416 642 641
642 416 643
416 419 643
643 419 644
419 421 644
644 645 643
645 646 643
643 646 642
645 647 646
647 648 646
647 649 648
649 650 648
650 649 651
652 650 651
652 651 653
651 654 653
646 648 655
646 655 642
648 656 655
648 650 656
650 657 656
657 650 652
658 657 652
653 659 652
659 658 652
655 656 660
656 661 660
656 657 661
657 662 661
657 658 662
658 663 662
658 659 663
655 660 641
642 655 641
659 664 663
660 661 665
666 660 665
641 660 666
665 661 667
661 662 667
667 662 668
662 663 668
640 641 666
668 663 669
663 664 669
666 670 640
670 639 640
665 671 666
671 670 666
667 672 665
672 671 665
668 673 667
673 672 667
668 669 673
635 639 670
634 635 670
634 670 671
633 634 671
633 671 672
636 633 672
636 672 673
637 636 673
638 637 673
674 675 676
675 677 676
676 678 674
678 679 674
677 675 680
681 677 680
680 675 682
675 674 682
682 674 683
674 679 683
679 678 684
679 684 683
678 685 684
686 684 685
687 686 685
686 687 688
687 689 688
684 686 690
686 688 690
684 690 683
691 677 681
692 691 681
691 692 693
692 694 693
693 694 695
696 693 695
693 696 697
693 697 691
696 698 697
698 699 697
699 700 697
696 695 701
702 696 701
696 702 698
703 702 701
702 703 698
699 698 703
704 703 701
705 703 704
705 699 703
706 705 704
700 699 707
699 708 707
707 708 709
710 707 709
705 706 711
712 705 711
705 712 699
712 708 699
712 711 713
714 712 713
714 713 709
709 708 714
708 712 714
713 715 709
709 715 710
715 716 710
710 716 717
718 710 717
710 718 707
718 719 707
707 719 700
719 720 700
700 720 721
697 700 721
697 721 691
677 691 721
676 677 721
721 720 676
720 678 676
719 685 720
685 678 720
718 687 719
687 685 719
717 689 718
689 687 718
722 723 724
723 725 724
722 724 726
727 722 726
728 723 722
729 728 722
729 722 727
706 729 727
724 725 730
725 731 730
732 731 725
733 732 725
728 733 723
733 725 723
730 734 724
734 726 724
727 726 735
726 736 735
726 734 736
735 736 737
736 738 737
735 737 739
740 735 739
706 727 740
727 735 740
738 736 741
734 741 736
742 738 741
738 742 743
744 738 743
739 737 744
737 738 744
731 745 730
745 746 730
730 746 734
743 742 747
742 748 747
742 741 748
741 749 748
749 741 734
750 749 734
746 750 734
745 751 746
751 752 746
750 746 752
751 753 752
753 754 752
752 754 755
755 750 752
754 756 755
757 753 751
758 757 751
758 751 745
757 759 753
759 754 753
754 759 756
759 683 756
756 760 755
760 761 755
755 761 750
761 749 750
760 762 761
762 763 761
763 762 764
765 763 764
764 762 766
762 760 766
683 766 756
766 760 756
748 763 765
747 748 765
748 749 763
749 761 763
767 758 745
767 745 731
732 767 731
768 769 770
769 771 770
770 771 772
771 773 772
774 772 773
775 774 773
775 773 776
777 775 776
777 776 778
779 777 778
779 778 780
781 779 780
782 780 778
783 782 778
778 776 783
782 783 784
785 782 784
786 782 785
782 786 780
787 786 785
781 780 788
786 788 780
789 781 788
784 783 790
783 791 790
776 791 783
790 791 769
791 771 769
771 791 773
791 776 773
792 793 794
793 795 794
794 795 796
795 797 796
796 797 798
799 796 798
792 794 800
794 801 800
794 796 801
796 802 801
799 803 796
803 802 796
804 805 806
805 807 806
805 808 807
808 809 807
808 810 809
810 811 809
809 811 812
811 813 812
812 813 814
813 815 814
816 814 815
817 816 815
816 818 814
818 819 814
812 814 819
820 819 818
821 820 818
821 818 822
822 818 816
823 821 822
824 816 817
824 822 816
825 824 817
819 820 826
827 819 826
827 812 819
826 806 827
806 807 827
807 809 827
809 812 827
828 829 830
829 831 830
831 832 830
832 833 830
834 829 828
835 834 828
836 834 835
837 836 835
838 836 837
839 838 837
835 828 840
841 835 840
837 835 841
841 840 842
840 843 842
842 844 841
844 845 841
845 837 841
839 837 845
840 846 843
840 828 846
828 830 846
846 847 843
844 848 845
848 849 845
849 839 845
846 830 850
830 833 850
850 851 846
851 847 846
852 853 854
853 855 854
854 855 856
857 854 856
856 858 857
858 859 857
860 855 853
855 860 856
861 860 853
860 862 856
856 862 858
862 863 858
864 865 866
865 867 866
867 865 868
865 869 868
864 866 870
871 864 870
871 870 872
873 871 872
873 872 874
875 873 874
864 871 876
871 877 876
877 871 873
876 877 878
879 876 878
878 877 880
877 881 880
881 877 873
881 873 875
882 876 879
864 876 882
865 864 882
883 882 879
880 881 884
881 885 884
885 881 875
865 882 886
869 865 886
886 882 887
882 883 887
