byte offset: 0
first index: 0
index count: 4596
topology: trianglelist
format: DXGI_FORMAT_R16_UINT

0 1 2
0 2 3
4 2 1
4 1 5
2 4 6
7 6 4
5 7 4
7 8 6
2 6 9
10 6 8
10 8 11
11 12 10
11 13 12
11 14 13
11 15 14
16 3 2
16 2 9
17 16 9
17 18 16
3 16 19
20 19 16
20 16 18
21 19 20
21 20 22
22 23 21
22 24 23
25 23 24
25 24 26
26 27 25
26 28 27
28 29 27
28 30 29
31 29 30
31 30 32
33 23 25
33 25 34
27 34 25
27 29 35
31 35 29
27 35 36
27 36 34
34 36 37
34 37 38
33 34 38
36 35 39
36 39 37
40 38 37
41 38 40
41 42 38
33 38 42
43 33 42
43 42 44
44 42 41
45 43 44
45 46 43
40 37 47
39 47 37
46 21 43
46 19 21
3 19 46
3 46 45
23 43 21
23 33 43
3 45 0
45 48 0
45 49 48
44 49 45
48 49 50
50 49 51
44 51 49
50 51 52
52 51 41
44 41 51
52 41 53
52 53 54
52 54 55
53 56 54
53 57 56
57 53 41
57 58 56
57 59 58
60 50 52
60 52 55
50 60 61
50 61 62
48 50 62
61 63 62
61 64 63
63 48 62
63 65 48
59 66 58
59 67 66
68 66 67
68 67 69
70 69 67
59 70 67
70 71 69
64 72 63
64 73 72
72 73 74
72 74 75
72 75 76
63 72 76
63 76 65
1 65 76
48 65 1
1 76 5
75 5 76
74 77 75
77 78 75
75 78 5
5 78 7
7 78 79
77 79 78
7 79 80
81 7 80
81 8 7
11 8 81
11 81 15
74 82 77
81 80 83
81 83 84
81 84 85
81 85 15
86 15 85
86 14 15
14 86 87
14 87 88
87 89 88
87 90 89
91 89 90
91 92 89
89 92 93
89 93 94
94 88 89
93 95 94
93 96 95
93 92 97
93 97 98
96 93 98
98 97 99
97 100 99
97 101 100
101 97 92
101 92 91
100 102 99
100 103 102
103 104 102
103 105 104
105 106 104
105 107 106
107 108 106
107 109 108
110 108 109
110 111 108
98 99 112
104 113 102
104 114 113
115 113 114
115 116 113
117 116 115
118 116 117
118 113 116
118 117 119
117 115 120
121 120 115
121 122 120
123 120 122
123 117 120
123 122 124
125 119 117
123 125 117
125 126 119
127 126 125
128 126 127
119 126 128
128 127 129
127 125 130
123 130 125
131 118 119
131 119 132
119 128 132
123 133 130
134 130 133
134 135 130
136 135 134
134 137 136
134 138 137
139 137 138
139 138 140
140 141 139
140 142 141
143 142 140
143 140 138
143 144 142
136 145 135
146 135 145
146 145 147
148 146 147
148 147 149
150 144 143
150 143 151
151 152 150
151 153 152
152 153 154
152 154 155
156 151 143
156 124 151
123 124 156
123 156 133
156 134 133
156 138 134
153 121 154
153 122 121
122 153 151
122 151 124
143 138 156
155 154 157
155 157 158
154 121 159
154 159 157
115 159 121
115 114 159
108 158 157
108 157 159
108 111 158
159 114 104
159 104 106
108 159 106
160 161 162
160 162 163
160 164 161
160 165 164
166 163 162
166 162 167
166 167 168
166 168 169
170 169 168
170 168 171
172 164 165
172 165 173
171 174 170
171 175 174
176 162 161
176 161 164
176 177 162
177 167 162
178 177 176
178 179 177
178 180 179
178 181 180
182 177 179
182 183 177
184 183 182
184 182 185
184 185 186
184 186 187
183 188 177
183 189 188
189 183 184
190 178 176
190 176 191
192 190 191
192 193 190
190 193 194
195 194 193
195 196 194
190 194 197
196 195 198
196 198 199
200 198 195
200 195 193
200 193 192
192 201 200
192 172 201
200 202 198
201 202 200
178 190 197
178 197 181
164 172 192
164 192 191
176 164 191
203 201 172
201 203 202
203 172 173
197 204 181
180 181 204
180 204 205
206 180 205
206 207 180
207 179 180
207 182 179
185 182 207
185 207 208
206 208 207
206 209 208
208 186 185
208 210 186
209 210 208
209 211 210
186 210 212
186 212 213
186 213 214
186 214 187
215 187 214
215 216 187
187 216 217
218 217 216
218 219 217
220 219 218
220 218 221
220 222 219
222 217 219
220 223 222
224 222 223
224 223 225
187 217 184
189 184 217
224 189 222
222 189 217
224 188 189
223 226 225
223 227 226
227 223 220
188 224 168
188 168 167
224 225 171
224 171 168
226 171 225
226 175 171
177 188 167
226 228 175
226 229 228
227 229 226
175 228 230
175 230 174
227 231 229
232 231 227
227 220 232
221 232 220
221 233 232
221 234 233
221 235 234
235 236 234
235 237 236
218 235 221
218 238 235
238 237 235
216 238 218
216 215 238
239 238 215
239 240 238
238 240 237
237 240 148
237 148 149
149 236 237
129 148 240
129 240 239
241 129 239
215 241 239
241 128 129
242 128 241
242 132 128
129 146 148
129 127 146
130 146 127
130 135 146
215 214 241
213 242 241
213 241 214
131 132 242
131 242 243
244 131 243
244 112 131
118 131 112
118 112 245
118 245 113
245 102 113
245 99 102
112 99 245
112 244 246
112 246 98
96 98 246
244 247 246
244 248 247
243 248 244
248 243 212
242 213 212
242 212 243
248 212 210
248 210 211
249 248 211
248 249 247
246 247 250
246 250 96
250 95 96
250 251 95
251 252 95
251 253 252
253 251 254
253 254 255
255 256 253
255 257 256
256 257 258
256 258 259
17 259 258
17 9 259
253 256 12
253 12 252
259 12 256
259 10 12
259 9 6
259 6 10
13 252 12
13 260 252
260 13 14
260 14 88
94 260 88
260 94 95
260 95 252
39 70 47
71 70 39
71 39 261
35 261 39
35 262 261
31 262 35
59 47 70
57 47 59
57 40 47
57 41 40
263 264 139
263 139 141
139 264 265
139 265 137
266 264 263
266 267 264
267 265 264
267 268 265
265 136 137
265 269 136
268 269 265
269 145 136
269 270 145
147 145 270
147 270 271
271 149 147
271 272 149
149 272 236
271 270 273
271 273 274
275 273 270
275 270 269
268 275 269
271 274 276
271 276 272
277 236 272
277 272 276
236 277 278
236 278 234
233 234 278
233 278 279
280 233 279
280 232 233
232 280 231
197 194 281
197 281 282
197 282 204
281 194 196
281 196 283
284 283 196
284 196 199
284 285 286
286 285 287
286 287 288
288 289 286
288 290 289
291 289 290
291 292 289
293 288 287
293 290 288
293 287 294
293 295 290
295 291 290
295 293 296
296 293 294
295 296 297
295 298 291
291 298 299
291 299 300
300 292 291
300 299 301
300 301 302
300 302 303
300 303 304
300 304 292
305 302 301
305 301 306
307 305 306
307 308 305
307 309 308
307 310 309
306 301 311
306 311 312
312 307 306
312 313 307
310 307 313
310 313 314
315 314 313
315 313 316
317 315 316
317 318 315
317 316 319
319 316 313
319 313 312
317 319 320
321 320 319
321 319 312
321 312 311
321 322 320
320 322 323
320 323 324
324 317 320
311 325 321
311 326 325
327 325 326
327 328 325
329 325 328
329 330 325
321 325 330
321 330 322
323 322 330
327 326 331
327 331 332
333 332 331
333 331 334
333 334 335
333 335 336
297 336 335
297 337 336
330 329 338
330 338 339
299 334 331
299 335 334
299 331 301
299 298 335
335 298 295
335 295 297
340 337 297
340 297 296
301 331 326
301 326 311
296 294 340
339 338 341
339 341 342
323 339 342
323 330 339
323 342 343
324 323 343
324 343 344
345 324 344
324 345 317
318 317 345
318 345 346
318 346 347
318 347 348
348 347 349
348 349 350
315 318 348
315 348 351
351 348 350
314 315 351
314 351 352
353 352 351
353 351 354
351 350 354
352 310 314
352 355 310
309 310 355
309 355 356
350 357 354
350 358 357
358 350 349
357 358 359
357 359 360
360 359 361
360 361 362
363 362 361
363 364 362
364 363 365
364 365 366
367 366 365
367 368 366
368 367 369
368 369 370
371 368 370
371 366 368
371 370 372
364 373 362
373 360 362
364 374 373
375 373 374
375 376 373
377 373 376
377 376 378
379 377 378
379 380 377
376 381 378
381 379 378
376 382 381
375 382 376
383 381 382
383 382 384
382 385 384
382 386 385
375 386 382
387 385 386
387 386 388
375 388 386
375 389 388
390 381 383
390 391 381
381 391 379
392 387 388
392 393 387
394 393 392
394 395 393
396 394 392
388 389 396
388 396 392
396 397 394
397 396 371
397 371 372
398 371 396
398 396 389
375 398 389
375 374 398
398 374 364
398 364 366
371 398 366
395 399 393
395 400 399
393 399 401
393 401 387
385 387 401
385 401 402
385 402 403
385 403 384
383 384 403
383 403 404
383 404 405
383 405 390
406 403 402
401 406 402
406 407 403
404 403 407
408 407 406
408 406 409
409 406 410
401 410 406
409 410 411
412 407 408
412 413 407
404 407 413
405 404 413
414 413 412
414 412 415
411 410 416
411 416 417
110 417 416
110 416 418
419 405 413
419 413 414
420 419 414
420 414 421
415 421 414
422 420 421
423 422 421
415 423 421
423 424 422
425 422 424
425 426 422
422 427 420
427 422 426
420 427 428
420 428 429
429 419 420
430 429 428
430 428 431
431 428 432
431 432 433
433 434 431
433 435 434
435 433 436
435 436 437
436 438 437
436 439 438
440 438 439
440 439 441
440 441 442
440 442 443
444 443 442
444 442 445
446 444 445
446 447 444
447 446 448
447 448 449
450 449 448
450 451 449
451 450 452
451 452 453
453 452 454
453 454 455
456 455 454
456 32 455
457 445 442
457 458 445
458 446 445
459 450 448
459 460 450
452 450 460
452 461 454
456 454 461
452 462 461
452 460 462
460 463 462
460 464 463
459 464 460
462 463 465
462 465 461
466 463 464
467 466 464
467 464 468
459 468 464
469 468 459
470 469 458
457 470 458
470 471 469
469 471 468
471 467 468
466 472 463
465 463 472
458 469 446
448 446 469
448 469 459
465 472 473
461 465 474
461 474 475
476 466 467
476 472 466
476 467 477
478 477 467
478 479 477
478 480 479
478 467 481
477 479 482
477 482 476
476 482 483
476 483 484
476 484 472
484 473 472
485 480 478
485 478 486
486 478 481
486 481 487
486 488 485
486 489 488
488 489 490
488 490 491
490 489 492
492 489 486
492 486 487
470 492 487
470 493 492
490 492 494
457 493 470
493 457 495
493 495 496
492 493 496
492 496 494
497 496 495
497 498 496
495 499 497
500 497 499
498 497 500
500 499 501
495 441 499
502 501 499
502 503 501
503 502 504
503 504 505
503 505 506
503 506 507
442 441 495
442 495 457
496 498 508
496 508 494
498 500 509
439 504 502
439 502 499
439 499 441
439 436 504
433 504 436
433 432 504
505 504 432
510 507 506
510 511 507
503 507 512
512 507 511
503 512 501
512 500 501
512 513 500
500 513 514
500 514 509
515 509 514
515 516 509
517 508 516
517 516 518
518 516 515
517 518 519
491 517 519
491 490 517
490 508 517
518 515 520
490 494 508
516 508 498
516 498 509
515 521 520
515 522 521
515 514 523
515 523 522
513 523 514
513 524 523
512 524 513
512 525 524
512 511 525
48 1 0
77 82 526
77 526 527
77 527 528
77 528 79
80 79 528
80 528 83
529 530 531
529 531 532
533 531 530
533 534 531
531 535 532
531 536 535
534 536 531
535 536 537
535 537 538
537 536 539
534 539 536
537 539 540
541 537 540
541 540 542
537 541 543
537 543 538
544 543 541
544 541 542
544 545 543
545 544 546
545 546 547
544 542 548
549 544 548
549 550 544
551 540 539
551 539 552
553 551 552
553 552 554
554 555 553
554 556 555
556 557 555
556 558 557
559 558 556
559 560 558
554 552 561
554 561 562
556 554 562
556 562 559
563 562 561
563 564 562
564 559 562
564 565 559
565 560 559
565 566 560
567 555 557
567 568 555
568 553 555
568 569 553
551 553 569
551 569 570
571 570 569
571 572 570
573 571 569
573 569 568
568 567 574
568 574 573
573 574 575
573 575 576
577 571 573
577 573 576
578 572 571
578 571 577
575 579 576
579 577 576
575 580 579
579 581 577
581 578 577
581 582 578
540 551 570
540 570 542
572 542 570
572 548 542
549 548 572
549 572 578
582 549 578
582 550 549
583 254 251
583 251 250
247 583 250
583 247 249
584 585 586
584 586 587
588 585 584
588 584 589
585 590 586
591 586 590
591 592 586
587 586 592
585 593 590
594 593 585
594 585 588
587 592 595
594 596 593
594 597 596
590 598 591
590 599 598
599 590 593
599 593 596
597 600 596
597 601 600
602 599 596
602 596 600
599 602 603
599 603 598
604 603 602
604 602 605
605 602 600
605 606 604
605 607 606
605 600 608
601 608 600
607 605 608
601 609 608
607 608 610
610 608 609
610 609 611
607 612 606
607 613 612
610 613 607
610 614 613
611 614 610
611 615 614
547 615 611
609 547 611
547 546 615
609 545 547
543 545 609
543 609 601
538 543 601
538 601 597
535 538 597
535 597 594
535 594 588
535 588 532
532 588 589
532 589 529
533 563 561
533 561 534
552 534 561
552 539 534
68 616 617
68 617 618
473 617 616
473 616 619
484 618 617
484 617 473
484 483 618
619 465 473
619 474 465
308 620 621
308 621 305
621 302 305
621 303 302
622 303 621
622 621 620
622 623 303
303 623 624
303 624 304
292 304 624
292 624 625
292 625 626
292 626 289
622 620 627
626 286 289
626 628 286
284 286 628
627 620 629
620 309 629
620 308 309
627 629 630
309 631 629
309 356 631
632 631 356
356 633 632
632 633 379
633 380 379
633 353 380
632 379 391
380 353 354
380 354 357
380 357 360
380 360 377
373 377 360
352 353 633
352 633 355
356 355 633
390 632 391
390 634 632
635 634 390
635 390 405
405 636 635
405 419 636
429 636 419
635 636 637
635 637 638
634 635 638
638 631 634
632 634 631
638 629 631
638 630 629
639 630 638
638 637 639
636 429 430
636 430 637
637 430 640
640 639 637
640 430 431
640 431 434
641 369 367
641 367 642
367 643 642
367 365 643
644 641 642
644 642 645
645 642 643
645 643 646
643 365 363
643 363 647
646 643 647
647 363 361
647 361 648
359 648 361
359 649 648
649 359 358
649 358 650
358 349 650
649 651 648
649 652 651
653 647 648
653 648 651
646 647 653
649 650 654
649 654 652
655 654 650
655 650 349
349 656 655
349 347 656
346 656 347
346 657 656
658 657 346
658 346 345
345 344 658
427 426 659
659 426 506
659 506 505
505 432 659
506 426 425
506 425 510
659 432 428
659 428 427
456 461 475
471 481 467
471 487 481
471 470 487
660 661 662
660 662 663
664 663 662
664 662 665
662 661 666
662 666 667
665 662 667
666 668 667
666 669 668
668 670 667
665 667 670
668 671 670
672 671 668
672 673 671
668 669 674
668 674 672
675 672 674
675 673 672
675 674 676
676 677 675
676 678 677
675 679 673
680 679 675
680 675 681
682 670 671
682 683 670
684 683 682
684 685 683
685 684 686
685 686 687
687 686 688
687 688 689
690 687 689
690 689 691
685 692 683
685 693 692
687 690 693
687 693 685
694 692 693
694 693 695
695 693 690
695 690 696
696 690 691
696 691 697
698 688 686
698 686 699
699 686 684
699 684 700
701 699 700
701 700 702
702 700 703
682 703 700
682 700 684
702 703 704
699 701 705
699 705 698
701 706 705
701 707 706
708 707 701
708 701 702
709 708 702
709 702 704
706 707 710
710 707 708
706 710 711
710 708 712
712 708 709
712 709 713
671 703 682
671 673 703
704 703 673
704 673 679
680 709 704
680 704 679
713 709 680
713 680 681
416 399 400
416 400 418
416 401 399
416 410 401
714 715 716
714 716 717
718 714 717
718 719 714
717 716 720
721 720 716
721 716 722
715 722 716
717 720 723
724 718 717
724 717 723
715 725 722
724 723 726
724 726 727
720 721 728
720 728 729
729 726 723
729 723 720
727 726 730
727 730 731
732 730 726
732 726 729
729 728 733
729 733 732
734 732 733
734 735 732
735 730 732
735 734 736
735 736 737
735 738 730
731 730 738
737 738 735
731 738 739
737 740 738
740 739 738
740 741 739
737 736 742
737 742 743
740 737 743
740 743 744
741 740 744
741 744 745
678 741 745
739 741 678
678 745 677
739 678 676
674 739 676
674 731 739
669 731 674
669 727 731
666 727 669
666 724 727
666 718 724
666 661 718
661 719 718
661 660 719
664 665 692
664 692 694
683 692 665
683 665 670
746 747 748
746 748 749
750 748 747
750 747 751
749 752 746
749 753 752
746 752 754
746 754 747
747 754 755
747 755 751
756 753 749
756 757 753
757 756 758
757 758 759
760 759 758
758 761 760
758 762 761
762 758 756
763 761 762
763 762 764
760 761 765
760 765 766
765 767 766
765 768 767
769 768 765
769 765 761
769 761 763
769 770 768
766 767 771
766 771 760
760 771 759
762 756 772
764 762 772
764 772 773
773 772 748
749 748 772
749 772 756
773 748 750
774 775 776
774 776 777
778 775 774
778 779 775
780 774 777
780 777 781
781 777 776
782 778 774
782 774 780
776 775 783
776 783 784
785 776 784
781 776 785
785 784 786
787 783 775
787 775 779
784 783 788
788 783 787
784 788 789
790 786 784
790 784 789
788 787 791
789 788 792
789 792 793
790 789 793
794 793 792
794 792 795
795 792 796
796 792 788
796 788 791
795 796 797
798 793 794
790 793 798
798 794 799
799 794 795
799 795 800
800 795 797
800 797 801
802 803 804
802 804 805
805 804 806
805 806 807
808 807 806
808 806 809
810 804 803
810 811 804
812 811 810
812 810 813
814 811 812
814 812 815
816 814 815
816 815 817
809 818 816
804 811 818
809 819 818
804 818 819
820 821 813
820 822 821
823 822 820
823 824 822
822 825 821
826 817 825
826 825 827
822 827 825
824 827 822
828 826 827
828 827 829
824 830 827
831 832 833
831 833 834
834 833 835
834 835 836
837 836 835
837 835 838
839 840 841
839 841 842
839 842 843
839 843 844
843 845 844
843 846 845
841 847 848
841 848 849
849 848 850
849 850 851
850 846 851
850 852 846
853 854 840
853 840 855
853 855 856
853 856 857
856 845 858
856 858 857
859 860 854
859 854 861
862 860 859
862 863 860
864 859 861
858 865 864
858 864 866
864 861 866
867 862 859
867 859 864
865 868 867
865 867 869
870 871 872
870 872 873
873 872 874
873 874 875
874 876 875
874 877 876
878 879 880
878 880 881
882 881 880
882 883 881
879 878 884
879 884 885
878 881 886
878 886 884
881 883 887
881 887 886
888 879 885
888 885 889
889 890 888
889 891 890
892 890 891
890 892 893
890 893 894
894 888 890
895 894 893
895 896 894
892 897 893
892 898 897
897 898 899
897 899 900
901 897 900
901 895 893
901 893 897
901 900 902
898 892 903
898 903 899
892 891 903
894 904 888
896 904 894
896 905 904
879 888 904
879 904 880
905 880 904
905 882 880
906 907 908
906 908 909
910 906 909
910 909 911
912 907 906
912 913 907
913 908 907
914 912 906
914 906 910
908 915 909
908 916 915
917 916 908
913 917 908
917 918 916
919 911 909
919 909 915
916 920 915
920 919 915
916 921 920
922 921 916
922 916 918
920 923 919
921 924 920
921 925 924
922 925 921
926 924 925
926 927 924
927 928 924
928 923 920
928 920 924
927 929 928
930 926 925
922 930 925
930 931 926
931 927 926
931 932 927
932 929 927
932 933 929
934 935 936
934 936 937
935 938 936
935 939 938
940 938 939
940 941 938
942 937 936
942 936 943
944 942 943
944 945 942
946 944 943
946 947 944
948 947 946
948 949 947
941 948 950
936 950 943
941 950 951
936 951 950
952 945 953
952 953 954
955 952 954
955 954 956
954 953 957
958 957 949
958 959 957
954 957 959
956 954 959
960 959 958
960 961 959
956 959 962
963 964 965
963 965 966
964 967 965
964 968 967
969 967 968
969 970 967
971 972 973
971 973 974
971 975 972
971 976 975
975 976 977
975 977 978
973 979 980
973 980 981
979 982 980
979 983 982
982 983 978
982 978 984
985 986 974
985 974 987
985 988 986
985 989 988
988 989 990
988 990 977
991 992 987
991 987 993
994 991 993
994 993 995
996 992 991
990 997 996
996 997 992
990 996 998
999 996 991
999 991 994
998 1000 999
998 999 1001
1002 1003 1004
1002 1004 1005
1003 1006 1004
1003 1007 1006
1006 1007 1008
1006 1008 1009
